3.54749150e-01 4.24499043e-04 -6.49426378e-02 -1.63525609e-04 -5.79883247e-02 1.75171046e-03 -1.42857143e-10
-6.33213485e-02 2.84834971e-04 -1.15583051e-01 -4.15313362e-04 -1.98807576e-01 1.75171046e-03 -1.42857143e-10
-2.50849449e-01 -2.21131897e-05 7.01130962e-01 -2.56785786e-05 -5.12872413e-02 1.75171046e-03 -1.42857143e-10
5.18882847e-01 1.10857467e-04 -7.21736919e-01 1.15253207e-04 -1.71593498e-01 1.75171046e-03 -1.42857143e-10
7.72167175e-01 1.20913034e-04 1.46752704e-01 -1.84762889e-04 -1.39124099e-01 1.75171046e-03 -1.42857143e-10
-6.10185707e-01 -4.06550025e-07 7.12723850e-01 8.63641936e-07 -8.46951448e-02 1.75171046e-03 -1.42857143e-10
-3.46293208e-01 -6.37106340e-06 -4.37254470e-01 4.97953609e-05 -1.07908788e-01 1.75171046e-03 -1.42857143e-10
5.61525600e-01 -8.42332732e-05 -3.76454569e-01 -8.19792300e-06 -1.54873231e-01 1.75171046e-03 -1.42857143e-10
-5.22798302e-01 -4.63072985e-04 5.95816599e-01 -3.17947294e-04 -1.03380461e-01 1.75171046e-03 -1.42857143e-10
-5.03182719e-01 -4.02356890e-04 -7.72636524e-01 1.03280503e-04 -2.06462045e-02 1.75171046e-03 -1.42857143e-10
2.00164095e-01 -4.87043449e-04 -9.76680896e-01 1.32219478e-04 -1.23855333e-01 1.75171046e-03 -1.42857143e-10
-3.30501096e-01 -6.57229465e-06 3.72104259e-02 -1.97345814e-04 -8.69799568e-02 1.75171046e-03 -1.42857143e-10
6.02782581e-01 4.64923024e-04 5.76969574e-01 4.06300411e-04 -1.44074699e-01 1.75171046e-03 -1.42857143e-10
6.29608267e-01 -1.77058025e-04 -3.58369912e-01 -4.96983557e-04 -2.07934198e-02 1.75171046e-03 -1.42857143e-10
-1.72568864e-01 8.07896850e-05 -2.62552089e-01 1.40566335e-04 -1.31880802e-01 1.75171046e-03 -1.42857143e-10
-5.26550031e-01 3.15381049e-04 -2.21109127e-01 -5.91019161e-04 -1.04436266e-01 1.75171046e-03 -1.42857143e-10
-1.15489147e-01 -4.84430581e-04 -6.05005958e-01 1.68704461e-04 -9.22669130e-02 1.75171046e-03 -1.42857143e-10
8.12830571e-01 3.42360072e-04 -5.05799073e-01 2.06526230e-04 -3.95964169e-02 1.75171046e-03 -1.42857143e-10
7.16839885e-01 -8.38085124e-05 -5.62654325e-01 6.52378935e-05 -1.74990577e-01 1.75171046e-03 -1.42857143e-10
6.41879683e-01 3.11684988e-05 5.87941772e-01 -1.99032034e-05 -2.04707127e-01 1.75171046e-03 -1.42857143e-10
2.01993062e-01 5.48809697e-04 -8.17273127e-02 1.09156098e-04 -6.89658339e-03 1.75171046e-03 -1.42857143e-10
-2.18491729e-01 1.02584077e-04 3.59981856e-01 -5.15025479e-05 -1.53064929e-01 1.75171046e-03 -1.42857143e-10
-6.93308296e-01 -3.35288676e-04 -6.08710122e-02 1.89585704e-04 -1.04132222e-02 1.75171046e-03 -1.42857143e-10
3.84604713e-01 -6.19892791e-04 7.31663999e-01 1.60852192e-04 -1.82164634e-01 1.75171046e-03 -1.42857143e-10
-4.47622263e-01 -3.22819632e-04 7.38948745e-01 3.94856589e-05 -4.02027386e-02 1.75171046e-03 -1.42857143e-10
-7.15893116e-01 9.47351412e-05 -6.58119765e-01 7.42586956e-05 -5.52404955e-02 1.75171046e-03 -1.42857143e-10
5.98663142e-01 3.41116161e-04 2.47913110e-01 -1.48659292e-04 -1.44940022e-01 1.75171046e-03 -1.42857143e-10
-6.98243937e-01 1.26537427e-05 1.78377832e-01 1.62492498e-05 -7.59174640e-02 1.75171046e-03 -1.42857143e-10
-5.32747894e-01 2.66279763e-04 -3.03452045e-01 -1.69363132e-04 -1.36226168e-01 1.75171046e-03 -1.42857143e-10
7.63068568e-01 -4.14686812e-04 5.51630272e-01 1.45707789e-04 -1.81327277e-02 1.75171046e-03 -1.42857143e-10
-3.49243164e-01 -3.22731653e-04 -3.42343580e-01 -3.35360700e-04 -1.30222047e-01 1.75171046e-03 -1.42857143e-10
5.27460490e-01 -3.31835278e-04 -6.21556163e-01 4.13088535e-04 -1.07510500e-01 1.75171046e-03 -1.42857143e-10
-3.71127588e-01 -1.84566293e-04 3.77650621e-02 2.77170965e-04 -2.05732743e-01 1.75171046e-03 -1.42857143e-10
-4.50960389e-01 -8.29466427e-05 -1.74823882e-02 -5.57361804e-05 -1.99561327e-01 1.75171046e-03 -1.42857143e-10
7.67438418e-01 -7.64714353e-05 2.00433050e-01 1.09339951e-04 -5.21950546e-02 1.75171046e-03 -1.42857143e-10
-2.31342891e-01 2.49776916e-04 7.31854564e-01 -3.77944971e-04 -1.83589349e-01 1.75171046e-03 -1.42857143e-10
3.55982765e-01 3.87225399e-04 1.59027734e-01 -7.83911441e-05 -9.15458408e-02 1.75171046e-03 -1.42857143e-10
-3.74746925e-01 -1.73482211e-04 1.89793176e-01 6.28508172e-04 -7.33252874e-02 1.75171046e-03 -1.42857143e-10
5.24912133e-01 -7.99529041e-06 -3.14969569e-01 7.18034748e-05 -1.96569856e-01 1.75171046e-03 -1.42857143e-10
-6.23408015e-01 -2.42273859e-05 3.41811538e-01 -9.50729028e-06 -1.74623094e-02 1.75171046e-03 -1.42857143e-10
6.08631006e-01 2.53503450e-04 4.37450124e-01 5.07305113e-04 -1.18005829e-01 1.75171046e-03 -1.42857143e-10
7.03835842e-01 -2.00803597e-04 5.22666812e-01 -5.94866241e-05 -8.25968158e-02 1.75171046e-03 -1.42857143e-10
4.43496559e-01 1.32039209e-04 -6.33286550e-01 -6.39880153e-05 -8.07636918e-02 1.75171046e-03 -1.42857143e-10
-8.80273898e-01 -1.61181577e-04 3.97364027e-01 -2.36071864e-04 -2.42229495e-02 1.75171046e-03 -1.42857143e-10
-7.70755260e-01 2.59102272e-04 -3.15691678e-01 5.23768715e-04 -5.25410807e-02 1.75171046e-03 -1.42857143e-10
-6.15536265e-01 4.76484741e-04 -5.72660176e-01 -3.52018717e-04 -1.24328573e-01 1.75171046e-03 -1.42857143e-10
1.93533330e-01 -3.63762872e-04 2.94398361e-01 -1.69611155e-04 -1.89877810e-01 1.75171046e-03 -1.42857143e-10
3.15601147e-01 1.12972777e-04 7.36830408e-01 4.35607173e-04 -1.48707797e-01 1.75171046e-03 -1.42857143e-10
4.09991313e-01 -5.19975516e-06 5.55661913e-01 -2.59380460e-05 -6.57240188e-02 1.75171046e-03 -1.42857143e-10
-3.87720043e-01 -5.62969616e-05 2.77839323e-01 3.20790037e-06 -1.86831926e-01 1.75171046e-03 -1.42857143e-10
-6.93953386e-01 -5.46048721e-04 4.82197330e-01 -2.83894876e-04 -1.44647110e-01 1.75171046e-03 -1.42857143e-10
-6.82995345e-01 2.63392406e-04 4.28617289e-01 3.98776440e-05 -1.13950607e-01 1.75171046e-03 -1.42857143e-10
-9.80205604e-01 7.75994740e-05 -4.69564589e-02 1.04281128e-04 -1.15552882e-01 1.75171046e-03 -1.42857143e-10
1.93184432e-01 2.99097592e-04 2.33157494e-01 -4.01261488e-04 -5.92045250e-02 1.75171046e-03 -1.42857143e-10
-8.94677202e-01 6.44227398e-04 4.25031840e-01 -1.02097700e-04 -5.38394282e-02 1.75171046e-03 -1.42857143e-10
-3.48630213e-01 6.13654072e-04 -8.79706697e-01 -1.71802047e-04 -1.66465272e-02 1.75171046e-03 -1.42857143e-10
-4.10695135e-02 -1.10076743e-04 4.65800784e-01 2.65482894e-04 -1.51270273e-01 1.75171046e-03 -1.42857143e-10
-9.53939999e-02 -6.62859091e-04 -7.44596010e-01 -2.17996700e-05 -1.55777966e-02 1.75171046e-03 -1.42857143e-10
3.61331198e-01 5.12494071e-05 -6.68616515e-01 9.93581604e-05 -1.19357835e-01 1.75171046e-03 -1.42857143e-10
-8.01550680e-01 4.39270056e-05 -1.46398029e-01 1.49886481e-05 -1.02422034e-01 1.75171046e-03 -1.42857143e-10
9.51364666e-01 -2.97862814e-05 -2.63580761e-01 -3.26037386e-05 -9.53870426e-02 1.75171046e-03 -1.42857143e-10
-3.04323370e-01 -3.51803003e-04 8.18826800e-01 2.61067649e-04 -1.20438481e-01 1.75171046e-03 -1.42857143e-10
-5.92700055e-01 1.47297478e-04 -3.11081551e-01 1.35236540e-04 -5.38894117e-02 1.75171046e-03 -1.42857143e-10
3.83726987e-01 1.30161210e-04 7.63199753e-01 1.47193748e-04 -3.66980058e-02 1.75171046e-03 -1.42857143e-10
6.67153806e-01 -7.49291562e-05 3.80232530e-01 2.69090369e-04 -1.84774614e-01 1.75171046e-03 -1.42857143e-10
5.12177311e-01 -5.41568871e-05 -2.40915493e-01 3.30788912e-05 -2.09623130e-01 1.75171046e-03 -1.42857143e-10
-2.83486287e-01 -2.43541955e-04 -7.61715591e-01 -8.93134128e-05 -1.22409369e-01 1.75171046e-03 -1.42857143e-10
1.59034095e-01 -8.61389059e-05 3.27930086e-01 1.89389632e-04 -1.75415900e-01 1.75171046e-03 -1.42857143e-10
2.04362965e-01 2.08934336e-04 -6.49307672e-01 -4.84769933e-04 -4.10063569e-02 1.75171046e-03 -1.42857143e-10
6.77260109e-01 6.71951238e-05 -3.14234801e-01 -2.01327747e-04 -5.46494308e-02 1.75171046e-03 -1.42857143e-10
-6.69073683e-02 -9.75929610e-05 -4.02852631e-01 6.06555763e-04 -1.55808361e-01 1.75171046e-03 -1.42857143e-10
4.78373526e-02 -5.69464618e-05 7.38839087e-01 -7.67124020e-05 -8.30702083e-02 1.75171046e-03 -1.42857143e-10
-2.13434971e-01 5.48901626e-04 6.92586573e-01 2.19001278e-04 -1.43303722e-01 1.75171046e-03 -1.42857143e-10
2.32913190e-02 2.69407459e-04 8.63778131e-01 -3.66373173e-04 -1.47405909e-01 1.75171046e-03 -1.42857143e-10
1.34534336e-01 -9.11210157e-06 -7.69394843e-01 -2.00343319e-04 -1.05998225e-01 1.75171046e-03 -1.42857143e-10
-3.75715550e-01 2.42919040e-04 -6.69326666e-01 -4.43380286e-04 -1.40720696e-01 1.75171046e-03 -1.42857143e-10
-3.40895342e-01 1.30999738e-04 1.21726604e-02 -6.74200987e-06 -2.21561672e-02 1.75171046e-03 -1.42857143e-10
3.88207206e-01 3.03610030e-05 9.06036610e-01 4.27750966e-04 -1.73861965e-01 1.75171046e-03 -1.42857143e-10
-9.45383415e-02 2.49954756e-04 -6.46657206e-01 4.70048701e-05 -5.46992143e-02 1.75171046e-03 -1.42857143e-10
-1.96586459e-01 -2.26144000e-05 1.85915020e-01 -1.10727473e-04 -1.37293215e-01 1.75171046e-03 -1.42857143e-10
2.77505943e-01 -1.99639080e-04 -1.64261541e-01 3.40464450e-04 -6.01188189e-02 1.75171046e-03 -1.42857143e-10
-6.56691019e-01 1.05937657e-04 1.30729619e-01 -7.13823718e-05 -7.80007330e-03 1.75171046e-03 -1.42857143e-10
6.42026087e-01 -1.10706056e-04 4.96136767e-01 -2.11241806e-04 -1.34244483e-01 1.75171046e-03 -1.42857143e-10
-1.06677018e-01 -2.14377016e-04 -3.90765509e-01 4.88121372e-04 -1.22044422e-01 1.75171046e-03 -1.42857143e-10
-7.47177667e-02 -1.46170059e-04 9.64869388e-01 1.65388133e-04 -1.17315395e-01 1.75171046e-03 -1.42857143e-10
5.15833586e-01 -5.11231596e-04 2.27696124e-01 -9.93074507e-05 -1.31668671e-01 1.75171046e-03 -1.42857143e-10
8.15354056e-01 -1.16125196e-04 -5.73238340e-01 -2.67081430e-04 -9.61818734e-02 1.75171046e-03 -1.42857143e-10
5.99368226e-01 2.37459273e-04 -1.08186681e-01 1.29755512e-04 -2.68393690e-02 1.75171046e-03 -1.42857143e-10
4.80836803e-01 -1.81004227e-04 -4.88292641e-01 4.49525472e-05 -9.15742950e-03 1.75171046e-03 -1.42857143e-10
4.15513136e-01 1.18611857e-04 -3.65304769e-01 -5.67626851e-04 -5.20799654e-02 1.75171046e-03 -1.42857143e-10
7.62772077e-01 -1.92303382e-04 6.08821654e-01 9.08135611e-05 -4.72512579e-02 1.75171046e-03 -1.42857143e-10
-7.20991596e-01 4.59596208e-04 -1.47915061e-01 5.56936200e-05 -1.36301991e-01 1.75171046e-03 -1.42857143e-10
-1.44390918e-01 1.23473695e-04 -5.97626154e-01 -3.32646389e-04 -1.17746723e-01 1.75171046e-03 -1.42857143e-10
-8.98052373e-02 2.80760748e-04 -6.24814719e-01 -3.83541932e-04 -1.84948869e-01 1.75171046e-03 -1.42857143e-10
-1.47004149e-01 -1.88445614e-04 -6.06213984e-01 -7.16753950e-05 -1.43730728e-01 1.75171046e-03 -1.42857143e-10
-2.22464652e-02 6.75989781e-04 -8.20374899e-03 -1.09466852e-04 -1.86490443e-01 1.75171046e-03 -1.42857143e-10
-1.97077169e-01 -2.37772569e-04 -1.86428070e-01 -1.77903399e-04 -9.30076087e-02 1.75171046e-03 -1.42857143e-10
-1.04455788e-01 -3.13822722e-05 -6.15992116e-02 -2.02094657e-04 -9.23483321e-02 1.75171046e-03 -1.42857143e-10
-6.16545826e-01 -7.41763849e-05 -7.32337740e-01 -1.73287594e-04 -1.66301482e-01 1.75171046e-03 -1.42857143e-10
-8.75758572e-01 -1.41158354e-04 9.55946978e-02 3.61152104e-04 -8.41407737e-02 1.75171046e-03 -1.42857143e-10
6.81540037e-01 -5.13875480e-04 -6.02066257e-01 4.98173307e-05 -2.70864988e-02 1.75171046e-03 -1.42857143e-10
7.86066444e-01 -2.90381787e-04 2.37302592e-01 -3.79815689e-04 -3.54370263e-02 1.75171046e-03 -1.42857143e-10
-1.99441488e-01 3.98627380e-04 -8.84906624e-01 -5.07062921e-04 -4.54471631e-02 1.75171046e-03 -1.42857143e-10
-4.24722143e-01 2.16616812e-04 3.22429595e-01 5.03360804e-05 -1.53025748e-01 1.75171046e-03 -1.42857143e-10
-5.85273470e-01 -2.40875646e-04 -2.80839915e-01 -1.83112371e-04 -5.31168830e-02 1.75171046e-03 -1.42857143e-10
-3.51489765e-02 2.25615223e-04 -9.27655514e-01 5.34218330e-04 -1.10719963e-01 1.75171046e-03 -1.42857143e-10
3.17483318e-01 -1.77335317e-04 -1.18876218e-01 -6.23463930e-04 -1.70491752e-01 1.75171046e-03 -1.42857143e-10
7.35464143e-01 7.87608857e-05 3.03428467e-01 4.51052084e-05 -5.84792834e-02 1.75171046e-03 -1.42857143e-10
2.99111616e-01 4.06267359e-04 -7.68675349e-01 -2.42664480e-05 -1.22098852e-02 1.75171046e-03 -1.42857143e-10
-7.22749106e-01 1.47415520e-04 -5.36782964e-01 -1.99417178e-04 -7.45558853e-03 1.75171046e-03 -1.42857143e-10
-1.45758204e-01 2.40169954e-04 9.63508126e-02 3.66785843e-04 -1.27869789e-01 1.75171046e-03 -1.42857143e-10
-2.25066670e-04 4.08771034e-04 2.02629908e-01 -1.54376604e-04 -1.51966156e-01 1.75171046e-03 -1.42857143e-10
-2.22242858e-01 -4.19335066e-04 -4.03616916e-01 8.01600680e-06 -5.96993039e-02 1.75171046e-03 -1.42857143e-10
-7.97736636e-01 5.35916298e-05 -3.01155628e-01 -9.84844923e-05 -3.34987046e-02 1.75171046e-03 -1.42857143e-10
-4.55013884e-01 -1.70173004e-04 3.87950290e-01 1.21085025e-04 -6.85185823e-02 1.75171046e-03 -1.42857143e-10
8.03869531e-01 -4.94242875e-05 -1.67360183e-03 -5.48702508e-04 -1.34559701e-01 1.75171046e-03 -1.42857143e-10
-4.71237289e-02 -6.04869430e-04 -3.96461157e-01 3.19095285e-04 -8.83596946e-02 1.75171046e-03 -1.42857143e-10
-7.23419241e-02 -1.51286921e-04 9.89813435e-01 2.73473587e-04 -1.41279800e-01 1.75171046e-03 -1.42857143e-10
-1.85136944e-01 1.68152304e-04 9.52865898e-01 -8.18658323e-05 -1.94072019e-01 1.75171046e-03 -1.42857143e-10
4.11468419e-01 -3.07585532e-04 -5.58237988e-02 5.55505462e-05 -1.97186678e-01 1.75171046e-03 -1.42857143e-10
-2.26812415e-01 4.54599922e-04 6.37016898e-01 4.92523392e-04 -7.10990031e-02 1.75171046e-03 -1.42857143e-10
1.93507670e-01 6.50150560e-06 3.96591877e-01 -7.39635143e-05 -1.04993399e-01 1.75171046e-03 -1.42857143e-10
-8.70802707e-01 4.07062322e-06 -4.79473370e-01 9.88609622e-05 -1.47909477e-01 1.75171046e-03 -1.42857143e-10
-3.17047464e-01 1.01348723e-04 9.39022237e-01 1.06742530e-04 -1.97455248e-01 1.75171046e-03 -1.42857143e-10
-4.67533975e-01 -6.07753556e-04 2.24017879e-01 -1.23409264e-04 -1.74339324e-01 1.75171046e-03 -1.42857143e-10
4.27575124e-01 -1.92500974e-07 3.52068232e-01 -4.93591107e-04 -2.75180139e-02 1.75171046e-03 -1.42857143e-10
-4.77447198e-01 -4.13227689e-04 1.36615917e-01 4.51360087e-04 -2.44775709e-02 1.75171046e-03 -1.42857143e-10
3.42122426e-01 -1.35908003e-04 1.41732205e-01 -1.50718897e-04 -4.85138392e-02 1.75171046e-03 -1.42857143e-10
5.86213577e-01 3.12092973e-04 -5.98728367e-01 -3.97933149e-05 -1.78768304e-01 1.75171046e-03 -1.42857143e-10
2.60558239e-01 -2.14335754e-04 3.66561683e-01 3.72692179e-04 -5.33547747e-02 1.75171046e-03 -1.42857143e-10
-9.18746511e-01 -1.31071762e-04 3.12258426e-01 2.69835541e-06 -1.93352647e-01 1.75171046e-03 -1.42857143e-10
7.71758895e-01 -1.36724204e-04 2.28190688e-01 -1.11491052e-04 -6.88549653e-02 1.75171046e-03 -1.42857143e-10
-6.74719264e-01 -2.18021593e-04 6.99914927e-02 -2.69820482e-04 -1.48911328e-01 1.75171046e-03 -1.42857143e-10
-6.32551685e-01 5.67078233e-04 -4.94804874e-01 2.71467025e-04 -7.06770559e-02 1.75171046e-03 -1.42857143e-10
5.06411804e-01 6.18073936e-04 -5.05515824e-01 -9.99152877e-05 -1.66318017e-01 1.75171046e-03 -1.42857143e-10
-1.17912066e-01 -1.84527121e-04 6.99167153e-01 -1.16431434e-04 -1.95014841e-02 1.75171046e-03 -1.42857143e-10
3.61245472e-01 1.78304215e-04 -8.99832992e-01 1.80078335e-04 -1.89518510e-01 1.75171046e-03 -1.42857143e-10
-3.20798696e-01 5.64013443e-04 5.94720462e-01 -3.48411354e-04 -1.19614872e-01 1.75171046e-03 -1.42857143e-10
-1.78388450e-01 -2.23941134e-04 -6.19620563e-01 -2.04403271e-04 -2.85752402e-03 1.75171046e-03 -1.42857143e-10
-1.42121818e-01 -3.71980315e-04 -4.45421148e-01 2.32554362e-04 -1.01946092e-01 1.75171046e-03 -1.42857143e-10
-8.20638984e-01 1.19042180e-04 1.36115103e-01 -6.55063461e-05 -1.82986741e-01 1.75171046e-03 -1.42857143e-10
-9.11000016e-01 4.66628707e-06 1.43896418e-01 5.86508193e-05 -1.54105629e-01 1.75171046e-03 -1.42857143e-10
2.60171884e-02 -4.36681767e-04 -9.17757732e-01 -1.33642085e-04 -1.38893581e-01 1.75171046e-03 -1.42857143e-10
-5.50780772e-01 -3.55373816e-05 3.28399529e-01 5.29812917e-04 -1.87027960e-01 1.75171046e-03 -1.42857143e-10
6.17665177e-01 -4.63652674e-05 -5.78336429e-01 -5.56437300e-04 -2.04834217e-01 1.75171046e-03 -1.42857143e-10
-1.82281745e-01 3.98776304e-04 -4.65371025e-01 -3.53782208e-04 -1.10667209e-03 1.75171046e-03 -1.42857143e-10
1.16155639e-01 4.94474145e-04 7.34038560e-01 -4.24598934e-04 -6.99038106e-02 1.75171046e-03 -1.42857143e-10
9.43706102e-01 -1.86732305e-04 1.22124789e-01 6.43304969e-05 -1.19130048e-02 1.75171046e-03 -1.42857143e-10
-2.74332932e-01 3.11813577e-05 8.38802906e-01 -9.54362791e-07 -7.25038354e-02 1.75171046e-03 -1.42857143e-10
4.65453802e-01 -3.32947081e-05 7.34843467e-01 -3.92630332e-05 -4.08998460e-03 1.75171046e-03 -1.42857143e-10
-2.28910568e-01 4.15120420e-04 -6.63725740e-01 3.84898589e-05 -2.08925499e-01 1.75171046e-03 -1.42857143e-10
1.77446970e-01 1.50874623e-05 2.24052543e-01 -3.22413654e-04 -1.79342008e-01 1.75171046e-03 -1.42857143e-10
1.16140153e-01 -2.16436331e-04 -7.09173641e-01 -4.16485630e-04 -1.49095526e-01 1.75171046e-03 -1.42857143e-10
-2.41532352e-01 9.95317478e-05 7.98547179e-01 -4.30037441e-04 -5.69374805e-02 1.75171046e-03 -1.42857143e-10
-4.05064008e-01 -4.11307849e-04 6.39642789e-01 2.74580223e-05 -7.84515963e-04 1.75171046e-03 -1.42857143e-10
-5.41554819e-01 -4.57546644e-04 -5.31364748e-01 1.24988837e-04 -1.34347605e-01 1.75171046e-03 -1.42857143e-10
-1.66885696e-01 -1.03600115e-04 -8.04397183e-01 2.98815208e-04 -1.43879580e-01 1.75171046e-03 -1.42857143e-10
-1.91907546e-01 -4.23477474e-05 2.56971227e-01 3.50975534e-04 -1.77159120e-03 1.75171046e-03 -1.42857143e-10
7.06397168e-01 2.50026009e-05 1.68584343e-01 9.09081084e-06 -2.06371879e-01 1.75171046e-03 -1.42857143e-10
-1.01240344e-01 -8.98507241e-05 -6.08109763e-01 2.56992318e-04 -1.61614837e-01 1.75171046e-03 -1.42857143e-10
-8.40767620e-01 2.30529609e-04 2.27001033e-01 -4.26768811e-04 -6.18466014e-02 1.75171046e-03 -1.42857143e-10
5.14184065e-01 -4.29125604e-04 1.33726456e-01 -2.86523806e-04 -1.47124146e-01 1.75171046e-03 -1.42857143e-10
7.73639910e-02 1.14571382e-04 -2.59270574e-01 -8.95096622e-05 -1.47120032e-01 1.75171046e-03 -1.42857143e-10
7.91823943e-01 1.15628692e-04 -1.07160332e-01 -5.74191484e-04 -5.11174295e-02 1.75171046e-03 -1.42857143e-10
-9.21926491e-01 -5.09833324e-04 -3.78867608e-02 4.08045205e-04 -2.73417382e-02 1.75171046e-03 -1.42857143e-10
1.44372068e-01 -5.21960349e-05 -9.25312744e-02 1.38466924e-04 -1.75412062e-01 1.75171046e-03 -1.42857143e-10
-4.19104489e-02 -2.33080875e-04 -4.13780473e-01 8.19517196e-05 -1.76763635e-02 1.75171046e-03 -1.42857143e-10
6.01535314e-01 4.43736873e-04 5.88631154e-01 -3.67476593e-04 -9.40021190e-02 1.75171046e-03 -1.42857143e-10
5.43323757e-02 1.55491528e-04 7.76118504e-01 6.95667857e-05 -1.00098350e-01 1.75171046e-03 -1.42857143e-10
6.51731494e-02 -2.99340568e-04 -7.35236354e-01 8.61738134e-05 -9.26008648e-02 1.75171046e-03 -1.42857143e-10
-1.42327405e-01 -4.46642163e-04 8.79903047e-01 4.79467833e-04 -1.13064563e-01 1.75171046e-03 -1.42857143e-10
4.41388825e-01 2.74728830e-04 5.98199553e-01 4.73919816e-05 -1.06219934e-02 1.75171046e-03 -1.42857143e-10
-2.05712208e-01 -8.62485756e-05 -9.32852773e-01 -6.06279573e-04 -6.57281453e-02 1.75171046e-03 -1.42857143e-10
2.61883738e-01 -3.10754514e-04 3.80219761e-01 7.25296147e-05 -1.17480884e-01 1.75171046e-03 -1.42857143e-10
5.59785027e-02 -6.41752383e-04 1.41441027e-01 -1.25899147e-04 -1.88737039e-01 1.75171046e-03 -1.42857143e-10
-1.59599900e-01 6.32036358e-04 -5.03910760e-01 1.45447297e-04 -1.81353555e-01 1.75171046e-03 -1.42857143e-10
-8.62029375e-02 4.41069978e-04 -1.28929130e-01 3.67537988e-04 -1.17553965e-01 1.75171046e-03 -1.42857143e-10
-8.81390675e-01 3.14684302e-04 1.96079047e-01 -1.63360363e-04 -1.88114065e-01 1.75171046e-03 -1.42857143e-10
5.71810954e-02 -2.37747092e-04 2.95539483e-01 7.24355115e-06 -1.06608843e-01 1.75171046e-03 -1.42857143e-10
-9.57825723e-01 3.31062733e-04 -1.89970594e-01 -3.93802525e-04 -6.51782766e-02 1.75171046e-03 -1.42857143e-10
5.09106629e-01 -1.74105399e-04 -6.55639873e-01 -3.85549594e-04 -1.84707217e-01 1.75171046e-03 -1.42857143e-10
-2.76375856e-01 3.00635443e-04 -4.43104119e-01 -3.76868239e-05 -1.91756109e-01 1.75171046e-03 -1.42857143e-10
-6.70804823e-01 4.94954126e-04 1.26166655e-01 4.53222747e-04 -2.17809989e-03 1.75171046e-03 -1.42857143e-10
5.19610979e-01 -3.25759843e-04 8.07346162e-01 -5.54767406e-04 -2.29384278e-03 1.75171046e-03 -1.42857143e-10
1.10210383e-01 1.57511390e-04 9.78400870e-01 -5.45614969e-04 -1.92149535e-01 1.75171046e-03 -1.42857143e-10
-6.22938223e-01 1.83220922e-04 -4.04388925e-01 5.94665856e-04 -1.74754949e-01 1.75171046e-03 -1.42857143e-10
-9.34109955e-01 3.94929107e-04 -2.29664905e-01 -4.95708519e-05 -1.22439897e-03 1.75171046e-03 -1.42857143e-10
5.93343605e-01 3.90004171e-04 5.68527250e-01 3.66768237e-04 -2.04401858e-01 1.75171046e-03 -1.42857143e-10
-6.55150321e-01 -6.27391592e-04 -2.13156219e-01 2.02028686e-05 -3.15083449e-02 1.75171046e-03 -1.42857143e-10
-5.38690645e-01 5.13878611e-05 1.99950121e-01 -2.18277006e-04 -1.29905968e-01 1.75171046e-03 -1.42857143e-10
-1.70822096e-01 2.23755260e-04 -4.67176329e-02 1.76064055e-04 -5.18413439e-02 1.75171046e-03 -1.42857143e-10
-1.14549709e-01 -5.08148892e-04 6.06909705e-01 1.29919502e-04 -1.17284606e-01 1.75171046e-03 -1.42857143e-10
-7.21474492e-01 8.03485299e-05 2.45118731e-01 1.28032661e-05 -2.26559362e-02 1.75171046e-03 -1.42857143e-10
5.27821352e-01 -4.83699714e-04 -4.01706091e-01 1.25475188e-04 -1.98818296e-01 1.75171046e-03 -1.42857143e-10
-7.98249199e-01 -4.81034518e-05 -9.82614348e-02 -2.10108783e-04 -1.44397055e-01 1.75171046e-03 -1.42857143e-10
-9.17865662e-01 2.32801018e-05 -2.88929239e-01 2.67707784e-05 -1.70095842e-01 1.75171046e-03 -1.42857143e-10
2.42560710e-01 -7.30040233e-07 -5.82527724e-01 1.10897796e-06 -6.28608504e-02 1.75171046e-03 -1.42857143e-10
-2.99703937e-01 1.13829682e-04 -1.27315517e-01 4.45620232e-04 -4.59063042e-02 1.75171046e-03 -1.42857143e-10
3.04715441e-01 6.14498113e-04 -5.24791210e-01 -1.00602072e-04 -1.76024166e-01 1.75171046e-03 -1.42857143e-10
1.45749189e-01 -9.51028864e-06 -4.16600657e-01 5.20355933e-04 -1.09870319e-01 1.75171046e-03 -1.42857143e-10
-7.80012336e-01 6.58181130e-05 -4.49661756e-01 -1.57676295e-04 -1.04324727e-01 1.75171046e-03 -1.42857143e-10
-1.81866038e-01 2.20616941e-04 -4.42891136e-01 2.45007891e-04 -1.28195637e-01 1.75171046e-03 -1.42857143e-10
1.21686278e-01 5.13317102e-04 8.16680281e-01 -5.84899184e-05 -1.01770956e-01 1.75171046e-03 -1.42857143e-10
-3.57975451e-02 -7.85890547e-05 -6.08863951e-01 -2.33214971e-05 -1.78674781e-01 1.75171046e-03 -1.42857143e-10
8.00598171e-02 -6.54634999e-04 1.01522886e-01 1.08989525e-04 -2.01320603e-01 1.75171046e-03 -1.42857143e-10
-5.36185822e-01 4.92777384e-05 7.25642291e-01 -3.11450445e-05 -3.16510258e-02 1.75171046e-03 -1.42857143e-10
1.71959250e-01 3.80834335e-04 2.47578955e-01 4.88374491e-04 -1.85488557e-01 1.75171046e-03 -1.42857143e-10
1.94261527e-01 -3.78842652e-05 6.31265445e-02 2.16388251e-05 -5.75923939e-02 1.75171046e-03 -1.42857143e-10
-1.73450552e-01 6.94025250e-05 9.18787672e-01 -4.68823936e-04 -1.46007189e-01 1.75171046e-03 -1.42857143e-10
-3.89358501e-01 -3.22789303e-04 -4.31800924e-01 -1.19684992e-04 -1.14611500e-01 1.75171046e-03 -1.42857143e-10
6.15005916e-01 6.37432219e-05 1.02089186e-01 -3.60675578e-06 -2.22023530e-02 1.75171046e-03 -1.42857143e-10
4.99246860e-01 -1.27287862e-04 3.72455762e-01 -6.04683018e-04 -7.91952869e-02 1.75171046e-03 -1.42857143e-10
-5.56336040e-01 2.78961977e-04 6.79771231e-01 -5.97693404e-04 -1.78166478e-01 1.75171046e-03 -1.42857143e-10
-9.58585927e-01 2.86595196e-04 1.09207633e-01 -2.47313213e-04 -2.35229039e-02 1.75171046e-03 -1.42857143e-10
4.57695957e-01 4.66436241e-04 3.72167866e-01 6.28296902e-05 -8.69224303e-02 1.75171046e-03 -1.42857143e-10
-2.22458404e-01 -2.34518271e-04 -5.47216811e-01 -4.18005543e-04 -1.11983375e-01 1.75171046e-03 -1.42857143e-10
-4.13119960e-01 3.03083064e-04 1.25772086e-01 3.24954259e-04 -9.79686242e-02 1.75171046e-03 -1.42857143e-10
3.16451217e-01 -2.59874378e-05 -6.70690918e-01 3.24949529e-04 -1.42110469e-01 1.75171046e-03 -1.42857143e-10
-5.05271242e-01 -9.00570965e-06 -4.33826119e-01 3.67938576e-06 -1.18061268e-01 1.75171046e-03 -1.42857143e-10
-6.70917233e-01 -4.13383009e-04 -1.23841270e-01 3.29463387e-04 -5.88354222e-02 1.75171046e-03 -1.42857143e-10
-3.93275356e-01 1.35908686e-05 -1.17871426e-03 6.24977667e-05 -1.31336340e-01 1.75171046e-03 -1.42857143e-10
-2.65140597e-01 -1.24620616e-05 1.08630450e-01 -5.34970715e-06 -1.96226292e-01 1.75171046e-03 -1.42857143e-10
6.39494731e-01 4.22962167e-04 7.36154974e-01 -1.21915906e-04 -2.10303063e-03 1.75171046e-03 -1.42857143e-10
7.85630648e-01 1.76896531e-04 -2.40649823e-01 -5.42538394e-04 -2.08593553e-01 1.75171046e-03 -1.42857143e-10
1.29528246e-01 4.51975425e-04 4.95920519e-01 -3.35732378e-04 -9.03950367e-02 1.75171046e-03 -1.42857143e-10
3.10212439e-01 -2.64327067e-05 -5.81455290e-02 5.72105624e-04 -4.54576547e-03 1.75171046e-03 -1.42857143e-10
-7.09161878e-01 -1.88105914e-04 -2.00981827e-01 -2.00451739e-04 -9.63142952e-02 1.75171046e-03 -1.42857143e-10
-4.44511955e-01 -2.96237403e-04 2.73568340e-01 7.06217737e-05 -1.04423694e-02 1.75171046e-03 -1.42857143e-10
-2.11009967e-01 2.23736017e-04 -7.51389692e-01 -1.66941099e-04 -1.53777794e-01 1.75171046e-03 -1.42857143e-10
-1.35301702e-01 2.56287457e-04 -9.28748616e-02 6.12584194e-04 -4.74066615e-03 1.75171046e-03 -1.42857143e-10
1.08860001e-01 1.10235978e-05 5.44217421e-01 -3.43180545e-04 -1.64100740e-01 1.75171046e-03 -1.42857143e-10
-4.65075985e-01 3.67730196e-05 4.50786836e-01 1.63432705e-04 -4.10837641e-02 1.75171046e-03 -1.42857143e-10
-7.20717471e-01 -3.25129817e-04 2.65219449e-01 -9.77632851e-05 -7.06285980e-02 1.75171046e-03 -1.42857143e-10
-5.53442347e-01 4.65343084e-05 4.52008837e-01 -1.88202584e-04 -1.74769130e-01 1.75171046e-03 -1.42857143e-10
3.87002317e-01 -1.58843448e-04 -5.65780405e-01 1.12225112e-04 -1.87437722e-01 1.75171046e-03 -1.42857143e-10
4.29222274e-01 -6.32604773e-05 -4.14271216e-01 -2.19684012e-04 -6.59294977e-02 1.75171046e-03 -1.42857143e-10
-5.81612979e-01 2.31322078e-04 -4.59401972e-01 3.04159471e-05 -1.46234139e-02 1.75171046e-03 -1.42857143e-10
-1.35197254e-01 6.35922673e-04 9.70864837e-01 1.83740743e-04 -1.18363892e-01 1.75171046e-03 -1.42857143e-10
-2.66655019e-01 -1.86308193e-04 -8.02672984e-01 7.33187224e-05 -1.47206061e-01 1.75171046e-03 -1.42857143e-10
-3.39179827e-01 -3.75061029e-04 -6.22501537e-01 -2.77962572e-04 -2.43946520e-02 1.75171046e-03 -1.42857143e-10
2.18316021e-01 1.68415066e-04 -1.04628348e-01 5.76511551e-04 -6.65743894e-02 1.75171046e-03 -1.42857143e-10
-9.45386720e-01 -2.23042906e-04 1.20969341e-01 -1.76810108e-04 -6.56856983e-02 1.75171046e-03 -1.42857143e-10
7.42399208e-02 2.82740785e-04 -7.60472880e-01 -1.33702221e-04 -1.93226521e-01 1.75171046e-03 -1.42857143e-10
5.32987885e-01 -4.89032564e-04 -3.01826504e-01 -3.42929725e-04 -1.33643850e-01 1.75171046e-03 -1.42857143e-10
3.33557038e-01 -5.61160196e-04 1.70691002e-01 1.47439099e-04 -2.04704545e-02 1.75171046e-03 -1.42857143e-10
6.08876509e-01 1.19079022e-04 3.00039606e-01 4.12467928e-04 -2.08992560e-01 1.75171046e-03 -1.42857143e-10
6.48082218e-01 -1.10522596e-05 -7.05347198e-01 2.73106099e-04 -1.21739401e-01 1.75171046e-03 -1.42857143e-10
6.13176195e-01 -2.06004770e-04 -7.36400024e-01 -3.41380613e-04 -1.25677885e-01 1.75171046e-03 -1.42857143e-10
1.81576116e-01 -5.82131628e-05 -6.89705641e-01 4.95507264e-04 -2.09039434e-01 1.75171046e-03 -1.42857143e-10
-5.38158152e-02 -2.57026160e-04 2.50768946e-01 -1.25141183e-04 -5.06481509e-02 1.75171046e-03 -1.42857143e-10
-3.27596594e-01 3.55936177e-04 2.14086891e-01 -1.17757626e-04 -1.58431404e-01 1.75171046e-03 -1.42857143e-10
-1.87790991e-01 2.21214494e-04 -1.03872357e-01 -1.27403987e-04 -6.91013311e-02 1.75171046e-03 -1.42857143e-10
-3.32414709e-01 -6.73236577e-05 -3.57108182e-01 -8.01817331e-05 -7.36731703e-02 1.75171046e-03 -1.42857143e-10
3.41900344e-03 1.14223886e-05 -8.48998926e-01 4.86075790e-04 -4.56025689e-02 1.75171046e-03 -1.42857143e-10
7.11391731e-01 4.38894332e-04 -6.19220404e-01 2.22895253e-04 -1.56699551e-01 1.75171046e-03 -1.42857143e-10
-5.61433087e-01 -4.76056039e-04 -5.47248175e-01 2.59272843e-04 -5.64244203e-02 1.75171046e-03 -1.42857143e-10
-7.31471490e-01 -2.34895286e-04 -2.43813805e-01 -2.34891697e-04 -1.48539345e-01 1.75171046e-03 -1.42857143e-10
4.45978156e-01 5.97773624e-04 5.84316614e-01 -1.80300776e-04 -5.06495416e-02 1.75171046e-03 -1.42857143e-10
-4.23061343e-04 1.42186851e-04 3.38114597e-01 -8.13715037e-06 -1.65927319e-01 1.75171046e-03 -1.42857143e-10
-4.07508782e-04 6.48515700e-05 -6.08030112e-01 -6.04420592e-04 -1.32881065e-01 1.75171046e-03 -1.42857143e-10
-3.92336310e-01 2.91712090e-04 -2.14082240e-01 1.89282884e-04 -1.12757812e-01 1.75171046e-03 -1.42857143e-10
5.91690269e-01 -8.67361143e-05 -5.30546800e-02 2.40429223e-05 -4.85998068e-02 1.75171046e-03 -1.42857143e-10
-7.25788495e-01 3.57487098e-06 -2.33481293e-01 2.02702585e-05 -1.05117096e-01 1.75171046e-03 -1.42857143e-10
-9.14564481e-01 2.59729703e-05 -1.20032959e-02 -5.76075480e-05 -8.53990998e-02 1.75171046e-03 -1.42857143e-10
-5.08338040e-01 3.45785727e-05 4.90070514e-01 -9.76468118e-06 -1.04291862e-01 1.75171046e-03 -1.42857143e-10
-4.18081816e-01 2.13399439e-05 8.65923582e-01 1.40407073e-06 -1.31448296e-01 1.75171046e-03 -1.42857143e-10
4.65820600e-01 -1.62859630e-04 3.69485812e-01 8.83133534e-05 -1.99659283e-01 1.75171046e-03 -1.42857143e-10
-5.25134566e-01 3.21565080e-05 2.00047114e-01 5.00892247e-04 -1.36617497e-01 1.75171046e-03 -1.42857143e-10
-8.49887583e-02 -2.93233394e-05 -7.47612505e-01 -5.12098938e-04 -1.36428261e-01 1.75171046e-03 -1.42857143e-10
-5.17096376e-01 -6.19323249e-05 -4.67035490e-01 -4.95860792e-05 -2.36038695e-02 1.75171046e-03 -1.42857143e-10
5.50030059e-03 1.19477105e-04 -3.98526372e-01 2.24156701e-05 -9.45775183e-03 1.75171046e-03 -1.42857143e-10
-4.04407022e-01 2.13454004e-04 3.55851871e-01 3.89111861e-04 -4.32638445e-02 1.75171046e-03 -1.42857143e-10
-2.37091657e-01 -3.36621960e-04 4.38462738e-01 -4.70994074e-04 -4.57597952e-02 1.75171046e-03 -1.42857143e-10
8.18032206e-01 1.21540218e-04 4.95601771e-01 -1.91077479e-05 -1.87698415e-01 1.75171046e-03 -1.42857143e-10
-9.33898059e-02 6.02002590e-04 1.12113286e-01 -2.75397251e-04 -1.01139124e-02 1.75171046e-03 -1.42857143e-10
8.32335568e-03 -4.34409056e-04 -8.41040262e-01 4.57872720e-04 -7.96576144e-02 1.75171046e-03 -1.42857143e-10
-3.12580755e-01 -6.52934305e-05 -4.34741983e-01 -1.39591816e-04 -1.36132181e-01 1.75171046e-03 -1.42857143e-10
-3.61742979e-01 1.14189131e-05 -2.62006535e-01 5.03580361e-05 -1.47040175e-01 1.75171046e-03 -1.42857143e-10
4.41642710e-01 1.04709219e-04 -5.63625355e-01 3.86277607e-04 -1.16912124e-01 1.75171046e-03 -1.42857143e-10
4.52284144e-01 9.90795551e-05 -1.78611401e-01 -5.33495732e-04 -2.01698537e-01 1.75171046e-03 -1.42857143e-10
-5.26124511e-01 5.34662525e-05 2.77370606e-01 -1.55473521e-04 -8.74329701e-02 1.75171046e-03 -1.42857143e-10
3.44056510e-01 -2.51551942e-04 -6.17960593e-01 6.17776303e-04 -9.57215583e-02 1.75171046e-03 -1.42857143e-10
4.31805773e-01 -9.43332438e-05 -2.24365134e-01 7.38614138e-06 -1.15284451e-02 1.75171046e-03 -1.42857143e-10
7.62794196e-02 -3.62576403e-04 8.17472618e-01 2.63034876e-04 -6.48211801e-02 1.75171046e-03 -1.42857143e-10
1.53587616e-01 5.08400009e-04 8.43735847e-01 -8.85281049e-05 -1.53175590e-01 1.75171046e-03 -1.42857143e-10
-4.87264280e-01 -1.05574462e-04 5.31434033e-01 -3.34649575e-05 -1.81180814e-01 1.75171046e-03 -1.42857143e-10
5.17978175e-01 -2.71637568e-04 -7.64676013e-01 1.44414171e-04 -1.04168544e-01 1.75171046e-03 -1.42857143e-10
-7.93567112e-02 -4.94219960e-05 -4.85002355e-01 -1.75142076e-04 -1.80977289e-02 1.75171046e-03 -1.42857143e-10
4.46003080e-01 -5.80716198e-04 -7.54939818e-01 2.92163268e-04 -1.30785135e-01 1.75171046e-03 -1.42857143e-10
-4.77687999e-01 2.57485058e-04 9.71525901e-02 1.38543534e-04 -4.69125306e-03 1.75171046e-03 -1.42857143e-10
-7.12724976e-01 1.64454393e-04 -1.66241938e-01 2.04646253e-04 -1.32688196e-02 1.75171046e-03 -1.42857143e-10
4.18180029e-02 -4.23502454e-04 -2.30548085e-01 -8.57899051e-05 -7.68818992e-02 1.75171046e-03 -1.42857143e-10
-7.66797542e-01 -3.27034762e-05 -5.41251694e-01 -4.04731970e-05 -1.30652451e-02 1.75171046e-03 -1.42857143e-10
-1.58713582e-01 -6.39863113e-05 -3.86751927e-01 1.71825432e-04 -1.38793626e-01 1.75171046e-03 -1.42857143e-10
2.14970983e-01 1.80935560e-04 -1.49657252e-01 5.09444166e-05 -3.55864306e-02 1.75171046e-03 -1.42857143e-10
2.17146539e-01 5.24048463e-04 2.83678242e-01 1.49244389e-04 -1.56154910e-01 1.75171046e-03 -1.42857143e-10
3.76336425e-01 -5.34352798e-05 6.46623638e-01 3.27639733e-04 -5.72098890e-02 1.75171046e-03 -1.42857143e-10
6.05661455e-01 2.12966523e-04 -5.84887512e-01 -8.70354028e-05 -1.22061475e-01 1.75171046e-03 -1.42857143e-10
7.14391412e-01 -4.07334241e-05 -9.61178436e-02 1.03634631e-04 -1.42233955e-01 1.75171046e-03 -1.42857143e-10
1.99392132e-01 1.78417736e-04 -1.47664167e-01 -5.70301403e-04 -3.59838660e-02 1.75171046e-03 -1.42857143e-10
1.90684352e-01 -1.27014775e-04 -8.90660619e-01 -6.74853979e-05 -7.11129983e-03 1.75171046e-03 -1.42857143e-10
-5.64199232e-01 -9.87854826e-05 2.62198912e-01 2.35992908e-04 -1.86017748e-01 1.75171046e-03 -1.42857143e-10
5.83331110e-02 -5.51795637e-04 5.93466013e-01 6.74318769e-06 -1.27901998e-01 1.75171046e-03 -1.42857143e-10
7.09402757e-01 -2.94920909e-04 -1.46504941e-01 8.26774923e-05 -7.68554276e-02 1.75171046e-03 -1.42857143e-10
-4.49572929e-01 -1.03823387e-04 5.67492985e-02 3.58648548e-04 -9.66852477e-02 1.75171046e-03 -1.42857143e-10
9.53067182e-01 -6.50711105e-06 1.96646889e-01 -1.82324210e-05 -1.32258597e-01 1.75171046e-03 -1.42857143e-10
9.63605031e-01 -1.06439038e-04 1.17083135e-01 2.05041260e-04 -1.35521414e-01 1.75171046e-03 -1.42857143e-10
-4.86208154e-02 3.72396893e-04 9.16908101e-01 2.64983317e-04 -3.92849959e-03 1.75171046e-03 -1.42857143e-10
9.23397444e-01 4.34006946e-04 8.15740991e-02 4.80920972e-05 -6.78042525e-02 1.75171046e-03 -1.42857143e-10
-2.55516226e-01 1.16709628e-04 -8.74997925e-01 7.53316882e-05 -3.56084474e-02 1.75171046e-03 -1.42857143e-10
-8.04869843e-01 -6.66815583e-05 4.20667726e-01 1.11911497e-04 -1.44270668e-01 1.75171046e-03 -1.42857143e-10
2.18662979e-01 2.79360115e-04 3.56763545e-02 -3.68404008e-04 -1.06690671e-01 1.75171046e-03 -1.42857143e-10
-2.46739816e-01 -1.60392851e-04 7.72204498e-01 1.41388754e-04 -7.66320610e-02 1.75171046e-03 -1.42857143e-10
2.73033760e-01 1.83422893e-04 -2.15101063e-01 4.12126280e-04 -3.43102430e-03 1.75171046e-03 -1.42857143e-10
-6.80888609e-01 -5.15011650e-04 5.86493426e-01 3.20582422e-04 -1.32441595e-01 1.75171046e-03 -1.42857143e-10
-3.23029572e-01 3.72038904e-05 5.91049396e-01 1.73987658e-05 -8.18501442e-02 1.75171046e-03 -1.42857143e-10
-3.41823295e-01 -3.00674675e-05 -7.44940251e-01 -1.90097750e-05 -1.92199285e-01 1.75171046e-03 -1.42857143e-10
8.90866852e-01 1.42239623e-04 2.58654647e-01 2.31252800e-04 -1.02695062e-01 1.75171046e-03 -1.42857143e-10
-3.79294726e-01 5.98992821e-04 -5.83126852e-01 3.30211467e-05 -2.59109056e-02 1.75171046e-03 -1.42857143e-10
-3.84175407e-01 1.79167386e-04 4.47654267e-01 -1.20658509e-04 -2.51780514e-02 1.75171046e-03 -1.42857143e-10
9.13866895e-01 -5.71971247e-05 3.37354183e-01 -4.57756663e-05 -5.36129278e-02 1.75171046e-03 -1.42857143e-10
-5.66020723e-01 1.49712060e-04 1.14886639e-01 -6.14165003e-04 -1.55293054e-01 1.75171046e-03 -1.42857143e-10
4.51312945e-01 -9.41035813e-05 -6.29021387e-01 -5.18396563e-05 -1.18255179e-01 1.75171046e-03 -1.42857143e-10
-8.26177921e-02 6.43819605e-04 9.32750835e-01 -1.77983221e-04 -1.40316433e-01 1.75171046e-03 -1.42857143e-10
2.36609134e-01 -7.50816159e-05 -7.36865370e-01 -1.22177478e-04 -1.44278146e-01 1.75171046e-03 -1.42857143e-10
5.74898485e-01 -9.15038651e-06 7.43502284e-01 1.99494099e-04 -2.91686180e-02 1.75171046e-03 -1.42857143e-10
-1.87871334e-01 -3.11395666e-04 8.38348254e-01 -3.82006503e-04 -1.28368081e-01 1.75171046e-03 -1.42857143e-10
-2.25043608e-01 5.86331514e-05 2.45279103e-02 -1.07226794e-04 -4.64282161e-03 1.75171046e-03 -1.42857143e-10
5.50236664e-01 7.20285836e-05 -2.84811048e-02 -9.02204559e-05 -2.09305076e-01 1.75171046e-03 -1.42857143e-10
-1.55202365e-01 1.78449128e-04 2.84155112e-01 -2.12453418e-04 -1.95202946e-01 1.75171046e-03 -1.42857143e-10
-4.81038013e-01 -1.26734863e-04 5.88743056e-01 -5.37424183e-05 -1.23047860e-01 1.75171046e-03 -1.42857143e-10
6.22090762e-01 -4.70464922e-04 2.06434270e-01 4.22361557e-04 -4.11912376e-02 1.75171046e-03 -1.42857143e-10
5.28999975e-01 1.22594112e-04 3.55167071e-01 1.91093660e-04 -1.71978940e-01 1.75171046e-03 -1.42857143e-10
1.54147447e-01 -9.73539687e-05 3.90733882e-01 2.13203443e-04 -4.04671018e-02 1.75171046e-03 -1.42857143e-10
-7.03680738e-01 -1.38818116e-04 4.31412485e-01 1.83719449e-04 -2.40585403e-02 1.75171046e-03 -1.42857143e-10
2.45210942e-01 5.91144368e-05 3.01967594e-01 3.75779104e-05 -9.57034083e-02 1.75171046e-03 -1.42857143e-10
-5.21301499e-01 2.76541334e-04 -5.30632347e-01 -7.05375731e-06 -9.61782068e-02 1.75171046e-03 -1.42857143e-10
1.90405453e-01 2.46490536e-04 4.95476616e-01 4.39483050e-04 -1.43943288e-01 1.75171046e-03 -1.42857143e-10
-2.76044992e-01 -1.60100827e-04 -3.29482289e-01 1.28248188e-04 -1.30721253e-01 1.75171046e-03 -1.42857143e-10
-8.39149276e-02 -5.80052995e-05 -9.75475583e-01 -5.83617250e-04 -1.52070681e-01 1.75171046e-03 -1.42857143e-10
7.71011271e-02 1.40735869e-04 8.18987728e-01 1.57339284e-04 -1.15035926e-01 1.75171046e-03 -1.42857143e-10
2.68310720e-01 6.26099043e-04 2.16003090e-01 7.79319018e-05 -7.63982599e-02 1.75171046e-03 -1.42857143e-10
-3.68946635e-01 -3.07569652e-05 5.86533318e-01 -2.96189475e-05 -7.30923551e-02 1.75171046e-03 -1.42857143e-10
2.34361239e-01 -3.15185744e-04 -1.03097083e-01 3.97113330e-05 -4.48401623e-02 1.75171046e-03 -1.42857143e-10
-1.58704833e-01 4.20176202e-04 -9.45252686e-01 -1.04631681e-04 -5.83666977e-02 1.75171046e-03 -1.42857143e-10
-7.88976303e-01 -1.62497360e-04 4.96690253e-01 -2.96448647e-04 -6.06983858e-02 1.75171046e-03 -1.42857143e-10
-3.43617004e-01 2.56569682e-04 -4.13354907e-01 -4.14253013e-04 -1.34407057e-01 1.75171046e-03 -1.42857143e-10
7.68710032e-02 -2.32121407e-04 3.18164930e-01 2.89538107e-04 -1.74087590e-01 1.75171046e-03 -1.42857143e-10
-6.77213592e-01 4.59613159e-04 -4.74958253e-01 1.65004929e-04 -3.56312889e-02 1.75171046e-03 -1.42857143e-10
3.49294156e-01 2.15477622e-04 -6.81886090e-01 6.23312240e-05 -5.19810404e-02 1.75171046e-03 -1.42857143e-10
9.99221253e-02 1.72496393e-04 1.36236860e-01 -1.46618705e-04 -1.19554285e-01 1.75171046e-03 -1.42857143e-10
1.96559650e-01 -5.08323347e-04 5.17088307e-01 -4.55833338e-04 -1.37737732e-02 1.75171046e-03 -1.42857143e-10
-6.17658502e-01 -7.49800816e-05 -5.58220848e-01 2.77656452e-05 -6.55861910e-02 1.75171046e-03 -1.42857143e-10
4.41955697e-01 -3.75789949e-04 7.76433803e-02 1.66916590e-04 -7.84846603e-02 1.75171046e-03 -1.42857143e-10
-8.49105780e-01 3.42174729e-04 -3.59526838e-02 3.32009988e-05 -1.60714971e-01 1.75171046e-03 -1.42857143e-10
7.71174514e-01 -3.87452854e-05 2.05788842e-01 3.43226158e-06 -1.60245177e-01 1.75171046e-03 -1.42857143e-10
-4.35462506e-01 4.30235629e-04 1.03780896e-01 -1.30887566e-04 -4.16604785e-02 1.75171046e-03 -1.42857143e-10
7.04999583e-01 -2.34310229e-04 2.37012282e-01 2.41374991e-04 -1.67996192e-01 1.75171046e-03 -1.42857143e-10
-5.07693417e-01 -1.08236347e-04 2.50533952e-01 -3.18684096e-04 -1.87063192e-01 1.75171046e-03 -1.42857143e-10
-3.22967123e-01 -2.38063173e-04 6.50169891e-01 4.75915574e-04 -2.66989018e-02 1.75171046e-03 -1.42857143e-10
-9.22767345e-01 3.46995611e-04 -2.28580684e-01 4.84516629e-04 -1.81659648e-01 1.75171046e-03 -1.42857143e-10
3.66081699e-01 -2.23707165e-04 6.67234732e-01 -3.98005337e-04 -3.41106786e-02 1.75171046e-03 -1.42857143e-10
1.37069509e-01 2.92135902e-04 1.96773019e-01 1.86287243e-04 -1.22316195e-01 1.75171046e-03 -1.42857143e-10
-7.05516480e-02 -8.01666110e-05 -2.70977799e-01 -2.13827750e-04 -4.82629992e-02 1.75171046e-03 -1.42857143e-10
2.18012832e-02 -1.24449477e-04 7.47714295e-01 1.14858572e-04 -2.00616212e-01 1.75171046e-03 -1.42857143e-10
-1.06671046e-01 -4.00723392e-04 6.43239944e-01 -1.67240825e-04 -1.54659750e-01 1.75171046e-03 -1.42857143e-10
1.91977258e-01 -1.55191730e-05 -4.76993291e-01 3.18583575e-04 -7.15257477e-02 1.75171046e-03 -1.42857143e-10
-7.33901192e-01 -6.00873651e-04 4.48730150e-01 -1.44819122e-05 -1.60414675e-01 1.75171046e-03 -1.42857143e-10
6.51371105e-01 4.21368128e-06 -5.33860537e-02 -1.82695493e-06 -3.38148173e-02 1.75171046e-03 -1.42857143e-10
-9.01718969e-01 2.49402013e-04 2.55226319e-01 1.92481560e-04 -3.58143969e-02 1.75171046e-03 -1.42857143e-10
7.30906457e-01 2.39405093e-04 -6.39941098e-01 2.03153414e-04 -4.63953269e-02 1.75171046e-03 -1.42857143e-10
-3.22815803e-01 -9.68234085e-05 -5.85054937e-01 -5.00128187e-04 -1.54690248e-01 1.75171046e-03 -1.42857143e-10
3.83642895e-01 -3.48798434e-04 -7.15937812e-01 -3.55313050e-04 -6.37127524e-02 1.75171046e-03 -1.42857143e-10
7.05018984e-01 2.20056839e-04 -5.27138351e-01 1.04815319e-04 -1.06724842e-02 1.75171046e-03 -1.42857143e-10
-4.95143738e-01 1.62521912e-04 7.81683982e-01 5.51383918e-04 -1.59788996e-01 1.75171046e-03 -1.42857143e-10
4.16629622e-01 4.24875803e-04 -8.49112706e-01 -3.43372871e-04 -1.55348657e-01 1.75171046e-03 -1.42857143e-10
3.75345361e-01 -6.56397774e-05 -7.23245553e-01 -4.60763379e-04 -1.31682874e-01 1.75171046e-03 -1.42857143e-10
6.18786783e-01 9.00042799e-06 2.64594560e-01 4.19540660e-04 -1.14162264e-01 1.75171046e-03 -1.42857143e-10
3.29788870e-02 1.97709870e-04 4.29576127e-01 2.86002390e-04 -7.25998428e-02 1.75171046e-03 -1.42857143e-10
-3.03307937e-01 2.61123924e-05 5.47916987e-02 6.25500870e-04 -1.50799156e-01 1.75171046e-03 -1.42857143e-10
-2.74761776e-01 5.38021787e-05 -9.70867951e-02 -7.15575505e-06 -1.41628923e-01 1.75171046e-03 -1.42857143e-10
-3.09756523e-01 -6.43123414e-04 8.75562798e-01 -9.65054440e-05 -1.93307049e-01 1.75171046e-03 -1.42857143e-10
8.85986988e-01 -3.68600073e-04 -3.83106713e-01 8.19635788e-05 -6.02778113e-02 1.75171046e-03 -1.42857143e-10
-1.62826217e-01 1.99339885e-05 5.80265810e-01 -4.31927032e-04 -1.61410951e-01 1.75171046e-03 -1.42857143e-10
-4.84272226e-01 -3.81931823e-04 1.58763228e-01 3.83538581e-04 -1.76747589e-02 1.75171046e-03 -1.42857143e-10
-6.60558595e-01 -1.35341007e-04 -3.32834483e-01 4.98257363e-04 -1.43406254e-01 1.75171046e-03 -1.42857143e-10
7.77616290e-01 2.25928057e-04 -5.22270073e-01 7.48107576e-05 -9.14717877e-02 1.75171046e-03 -1.42857143e-10
3.23170146e-01 5.04025116e-04 -1.98135287e-01 3.21238222e-04 -4.62325327e-02 1.75171046e-03 -1.42857143e-10
-7.09269219e-02 -2.67178615e-04 -8.37550121e-01 1.04830812e-04 -1.83263289e-01 1.75171046e-03 -1.42857143e-10
7.03296813e-01 4.84389341e-05 -5.92132567e-01 -2.58811978e-04 -8.55940664e-02 1.75171046e-03 -1.42857143e-10
-8.20143642e-01 -3.32377833e-05 2.45286985e-01 4.61400132e-04 -1.79993964e-01 1.75171046e-03 -1.42857143e-10
-2.74720759e-01 -4.45851554e-05 -4.79869319e-02 -2.20406023e-05 -8.89560004e-02 1.75171046e-03 -1.42857143e-10
-8.13795887e-01 2.26614319e-05 -5.34814544e-02 5.79343193e-04 -1.15355202e-01 1.75171046e-03 -1.42857143e-10
8.19622006e-01 -1.95236985e-04 5.34752860e-01 1.63918310e-04 -8.46289241e-02 1.75171046e-03 -1.42857143e-10
-2.45291683e-01 -1.31066594e-05 4.25861480e-01 -6.30872419e-05 -5.18054807e-02 1.75171046e-03 -1.42857143e-10
5.97597414e-01 1.71771075e-04 6.10892762e-01 -6.21073166e-05 -1.00175281e-01 1.75171046e-03 -1.42857143e-10
3.74479614e-01 -2.88113908e-04 8.35330744e-01 5.30888240e-04 -1.20774030e-01 1.75171046e-03 -1.42857143e-10
-5.29176956e-01 2.44063152e-04 5.77870308e-01 2.75970188e-05 -1.54338716e-02 1.75171046e-03 -1.42857143e-10
-4.03183010e-01 -1.89253627e-04 -8.63241883e-01 -3.30021115e-05 -2.94034203e-02 1.75171046e-03 -1.42857143e-10
4.52904651e-01 -4.21409599e-04 2.26116092e-02 4.54782867e-05 -1.08140709e-01 1.75171046e-03 -1.42857143e-10
-7.39875144e-02 -1.11956475e-04 -4.30943365e-01 -1.65445214e-05 -1.75824278e-01 1.75171046e-03 -1.42857143e-10
-7.39053484e-01 -2.87754010e-04 1.71287416e-01 2.26603734e-04 -9.51502006e-02 1.75171046e-03 -1.42857143e-10
-3.16545130e-02 2.38670299e-04 6.34017630e-01 2.41874632e-06 -9.71693966e-02 1.75171046e-03 -1.42857143e-10
9.29765678e-02 -2.36619998e-04 8.66285638e-01 4.00597847e-04 -1.60185607e-01 1.75171046e-03 -1.42857143e-10
-1.86993144e-01 1.21057526e-04 -5.71583117e-01 -1.99933388e-04 -1.73694024e-01 1.75171046e-03 -1.42857143e-10
6.87520052e-01 2.26313321e-04 3.12049796e-02 -1.41125254e-04 -8.24458257e-02 1.75171046e-03 -1.42857143e-10
-2.27479806e-01 2.05915173e-04 -8.99205190e-01 4.54425799e-05 -5.97198441e-02 1.75171046e-03 -1.42857143e-10
-1.31316306e-01 2.06850474e-04 9.33121512e-01 9.56300747e-05 -5.05661470e-02 1.75171046e-03 -1.42857143e-10
-4.41046585e-01 -1.12864500e-04 3.54468072e-01 3.27994676e-04 -1.69560557e-01 1.75171046e-03 -1.42857143e-10
-3.79192648e-01 -5.19292512e-04 -4.59635224e-01 -1.49071979e-06 -1.11545209e-01 1.75171046e-03 -1.42857143e-10
-2.29996665e-01 1.58301283e-06 6.00222423e-01 7.21293955e-06 -1.48347458e-01 1.75171046e-03 -1.42857143e-10
-2.70631221e-01 -3.67786941e-04 -5.26384320e-01 4.98815588e-04 -2.55963697e-02 1.75171046e-03 -1.42857143e-10
3.65263052e-01 9.21861403e-05 -2.46368461e-01 2.45782578e-04 -9.06772490e-02 1.75171046e-03 -1.42857143e-10
1.45949257e-01 -1.63073144e-04 1.82735211e-01 4.45876985e-05 -5.70954797e-02 1.75171046e-03 -1.42857143e-10
7.97426637e-01 -5.74597691e-04 4.80712894e-01 1.00429004e-04 -1.72496669e-01 1.75171046e-03 -1.42857143e-10
6.58745758e-02 8.71971457e-05 4.11577491e-01 -6.19456234e-05 -1.87248947e-01 1.75171046e-03 -1.42857143e-10
-5.17159009e-01 -1.03565877e-04 -3.41669272e-01 -6.11587774e-05 -8.37011190e-02 1.75171046e-03 -1.42857143e-10
-5.07993000e-01 4.79034692e-05 -3.74838700e-01 -4.57928298e-06 -9.85510965e-02 1.75171046e-03 -1.42857143e-10
-7.85632827e-01 8.03774724e-05 -5.30617447e-01 7.38132255e-05 -1.80250492e-01 1.75171046e-03 -1.42857143e-10
5.64380623e-02 2.80352823e-04 -9.45722596e-01 -1.20142020e-04 -1.37304999e-01 1.75171046e-03 -1.42857143e-10
2.72041414e-01 -3.81595237e-05 6.01870584e-01 -1.83520143e-04 -1.70196195e-01 1.75171046e-03 -1.42857143e-10
-8.07610712e-01 1.35450784e-05 2.77938181e-01 -9.11160342e-06 -2.19509798e-02 1.75171046e-03 -1.42857143e-10
4.30655604e-01 -5.86019452e-04 -1.74109752e-01 -1.20572362e-04 -5.37059709e-03 1.75171046e-03 -1.42857143e-10
-2.95696917e-01 1.81737980e-07 -8.45048153e-01 -2.24957997e-07 -1.97379796e-02 1.75171046e-03 -1.42857143e-10
-7.08266636e-01 1.29301192e-04 5.97040461e-01 1.85287344e-04 -1.44798709e-01 1.75171046e-03 -1.42857143e-10
-6.90099135e-01 -4.60718603e-04 -3.42172162e-01 -5.60454106e-05 -8.96523571e-02 1.75171046e-03 -1.42857143e-10
5.81867475e-01 -2.29408362e-06 1.27224631e-01 -2.25985897e-04 -2.08742209e-01 1.75171046e-03 -1.42857143e-10
4.42666837e-01 -4.67716159e-04 -5.81531895e-01 1.36507984e-04 -3.24619289e-02 1.75171046e-03 -1.42857143e-10
-3.79928446e-01 4.86630024e-04 6.50501157e-01 -1.47801235e-04 -1.22682574e-01 1.75171046e-03 -1.42857143e-10
7.35387664e-01 -3.10873760e-04 1.25503329e-01 3.04828498e-04 -1.05226303e-01 1.75171046e-03 -1.42857143e-10
-4.08905148e-01 5.46418167e-05 8.51181326e-01 -1.13158769e-04 -1.58944722e-02 1.75171046e-03 -1.42857143e-10
-2.68754133e-01 4.65339420e-05 -2.62285114e-01 2.81757997e-04 -1.93056911e-01 1.75171046e-03 -1.42857143e-10
-4.00319404e-01 -2.26014746e-04 -5.99727884e-01 3.46469105e-04 -1.25470371e-01 1.75171046e-03 -1.42857143e-10
1.84680515e-01 1.44988955e-04 -1.11741748e-01 5.70065209e-04 -3.41302559e-02 1.75171046e-03 -1.42857143e-10
3.48597241e-01 -6.00453094e-05 -4.66155765e-01 -1.18622793e-04 -2.00051668e-01 1.75171046e-03 -1.42857143e-10
5.58388146e-01 2.76632714e-04 -7.25117588e-01 -4.23776960e-04 -1.34200407e-02 1.75171046e-03 -1.42857143e-10
6.41439159e-01 -1.62202385e-04 2.68619909e-01 -3.30128733e-04 -4.84218145e-02 1.75171046e-03 -1.42857143e-10
-2.62243743e-01 2.02858886e-04 -4.34573168e-01 5.37079815e-04 -3.80498245e-02 1.75171046e-03 -1.42857143e-10
1.81483160e-02 4.47998065e-04 4.64652057e-01 5.01637160e-04 -2.57312198e-02 1.75171046e-03 -1.42857143e-10
-2.46800407e-01 -7.50594207e-05 3.44918112e-01 1.16679630e-04 -1.59137763e-01 1.75171046e-03 -1.42857143e-10
1.15183535e-01 -3.91081316e-04 2.41312970e-01 -3.61709642e-05 -4.82423583e-02 1.75171046e-03 -1.42857143e-10
-6.46739762e-01 -1.22540804e-04 -8.73044255e-02 6.56223616e-05 -1.29483673e-01 1.75171046e-03 -1.42857143e-10
4.57354876e-01 4.07689006e-04 2.32763579e-01 -5.43590411e-04 -1.58215060e-01 1.75171046e-03 -1.42857143e-10
-5.81407150e-01 -1.35853616e-04 -6.97989036e-01 -2.75787411e-04 -2.16938291e-02 1.75171046e-03 -1.42857143e-10
5.87269501e-01 4.07939176e-04 -6.65595241e-01 1.16049386e-04 -1.70656859e-02 1.75171046e-03 -1.42857143e-10
-3.14507613e-01 -5.16978646e-04 -7.97542335e-01 2.68086907e-04 -1.59131612e-01 1.75171046e-03 -1.42857143e-10
5.12311715e-01 2.67961443e-05 -1.93052493e-02 1.73401070e-05 -5.21175853e-02 1.75171046e-03 -1.42857143e-10
5.83116334e-01 2.68746938e-04 2.48927090e-01 9.96263879e-05 -8.11281209e-02 1.75171046e-03 -1.42857143e-10
-3.72667152e-01 -1.90122119e-04 -1.26571997e-01 -1.90167467e-04 -6.12765213e-02 1.75171046e-03 -1.42857143e-10
-3.89207188e-01 1.64705781e-04 7.80586011e-01 -6.11398297e-04 -6.24742508e-02 1.75171046e-03 -1.42857143e-10
9.26253157e-01 -2.34926813e-04 3.33106855e-01 3.71565032e-04 -3.17918481e-02 1.75171046e-03 -1.42857143e-10
1.60166382e-01 4.09354920e-04 -3.65698124e-01 -3.28092414e-05 -7.60958161e-02 1.75171046e-03 -1.42857143e-10
5.19792422e-01 -5.25983034e-05 -2.26204854e-01 8.85702558e-05 -1.28611404e-01 1.75171046e-03 -1.42857143e-10
3.42705110e-01 2.29570643e-04 -7.47378271e-02 -1.40614852e-04 -4.46694810e-02 1.75171046e-03 -1.42857143e-10
4.14703399e-01 -2.73155832e-05 4.27232852e-01 3.37001911e-05 -8.89781915e-02 1.75171046e-03 -1.42857143e-10
-1.92707960e-01 3.56728699e-04 -2.39545286e-01 4.61274023e-04 -4.17233739e-02 1.75171046e-03 -1.42857143e-10
-7.36150693e-01 -2.64772065e-04 3.76702501e-01 -5.63299363e-04 -1.22854991e-01 1.75171046e-03 -1.42857143e-10
-1.46610523e-01 9.13167263e-06 -9.22700203e-01 -1.53753211e-05 -1.47185710e-01 1.75171046e-03 -1.42857143e-10
-3.76957872e-02 -5.02396481e-04 2.99237047e-01 -4.48158049e-04 -9.82902235e-02 1.75171046e-03 -1.42857143e-10
-8.09006764e-01 8.01160940e-05 4.55124131e-01 -6.32186450e-05 -1.92904027e-01 1.75171046e-03 -1.42857143e-10
-2.18854428e-01 3.60274553e-04 3.44060765e-01 4.10809575e-04 -9.92595864e-02 1.75171046e-03 -1.42857143e-10
5.76749177e-01 2.63127612e-04 -4.34905786e-01 1.72811958e-04 -1.69684173e-01 1.75171046e-03 -1.42857143e-10
-2.54995668e-01 2.62877362e-04 -4.10508128e-01 1.62172387e-05 -4.77374607e-02 1.75171046e-03 -1.42857143e-10
-5.76162307e-01 -6.00981441e-04 -6.01593199e-01 9.24061917e-05 -9.93299061e-02 1.75171046e-03 -1.42857143e-10
-5.46989458e-01 2.16044154e-04 -7.49205259e-01 4.60849643e-04 -1.10139368e-01 1.75171046e-03 -1.42857143e-10
6.53745336e-01 3.78603468e-06 7.53067231e-01 3.30934669e-05 -2.05141715e-01 1.75171046e-03 -1.42857143e-10
-5.44527228e-01 8.93448347e-05 -8.00383305e-01 -1.07237000e-04 -7.91641506e-03 1.75171046e-03 -1.42857143e-10
-9.94710130e-01 1.87435895e-04 -2.75006531e-02 -9.12203574e-05 -1.69526631e-01 1.75171046e-03 -1.42857143e-10
-4.40155458e-01 2.18159736e-05 -3.41216339e-01 2.45843902e-06 -5.42621328e-02 1.75171046e-03 -1.42857143e-10
9.37280448e-01 -4.23211226e-05 3.10165176e-01 1.60971074e-04 -2.04352711e-01 1.75171046e-03 -1.42857143e-10
4.25839635e-01 5.63833034e-04 7.33268186e-01 -3.24374503e-04 -2.71830768e-02 1.75171046e-03 -1.42857143e-10
5.86256329e-01 2.19617245e-04 -2.01601144e-01 -2.24580096e-04 -5.65311940e-03 1.75171046e-03 -1.42857143e-10
4.74288094e-01 -4.01961414e-04 8.01187376e-01 2.51640515e-04 -1.03963149e-01 1.75171046e-03 -1.42857143e-10
-3.93852579e-02 3.54453100e-04 -9.36361051e-01 -1.08962991e-04 -2.03724598e-01 1.75171046e-03 -1.42857143e-10
-1.79313939e-01 6.19892091e-04 5.76741700e-01 2.34758214e-04 -4.97989455e-02 1.75171046e-03 -1.42857143e-10
2.33186409e-01 8.54955090e-06 6.03381369e-01 -2.39589809e-04 -3.24783120e-02 1.75171046e-03 -1.42857143e-10
-1.97111754e-01 -5.74085751e-04 2.62123520e-01 1.37806812e-04 -1.96605377e-01 1.75171046e-03 -1.42857143e-10
-2.15598179e-01 4.45893734e-05 9.50696160e-03 3.54480700e-04 -6.38702027e-02 1.75171046e-03 -1.42857143e-10
-2.72323621e-01 -2.01297751e-05 -2.72397753e-01 -2.79901430e-04 -1.00809468e-01 1.75171046e-03 -1.42857143e-10
-4.39280793e-01 2.61755186e-04 -2.54115146e-01 -1.65824894e-04 -1.40406091e-01 1.75171046e-03 -1.42857143e-10
5.66014711e-01 2.35830886e-05 1.06990611e-01 5.76707754e-05 -2.06913451e-01 1.75171046e-03 -1.42857143e-10
2.90420837e-01 5.63976786e-05 -7.24552662e-01 -4.63013449e-05 -9.36182929e-02 1.75171046e-03 -1.42857143e-10
-2.18173430e-02 1.45670547e-04 3.60135520e-01 1.71512633e-04 -4.97539484e-02 1.75171046e-03 -1.42857143e-10
-1.89327490e-01 -9.26402794e-05 9.78129359e-01 -6.07630076e-04 -3.23441950e-02 1.75171046e-03 -1.42857143e-10
-1.81426711e-01 -7.72121324e-05 5.83983707e-01 4.83381354e-04 -7.49411522e-02 1.75171046e-03 -1.42857143e-10
9.20580828e-01 1.70883109e-04 2.57687448e-01 6.55948497e-04 -4.09652947e-02 1.75171046e-03 -1.42857143e-10
-6.46823879e-01 -4.71599545e-06 1.15127542e-01 4.44315225e-06 -1.95027238e-01 1.75171046e-03 -1.42857143e-10
7.87580829e-01 -4.52149865e-05 -2.94469191e-01 -7.29025918e-05 -6.00009200e-02 1.75171046e-03 -1.42857143e-10
-4.99048363e-01 -2.25844436e-06 3.29715926e-01 -6.35039089e-08 -1.49670054e-01 1.75171046e-03 -1.42857143e-10
1.07091628e-02 1.25093952e-05 2.46845754e-01 5.64093609e-04 -8.75378532e-02 1.75171046e-03 -1.42857143e-10
-5.06942631e-01 2.60488093e-04 5.16242968e-02 1.06092965e-04 -1.25184259e-01 1.75171046e-03 -1.42857143e-10
1.22758428e-01 -1.82347349e-04 -2.05931809e-01 -5.72004890e-05 -1.81971958e-01 1.75171046e-03 -1.42857143e-10
1.74926290e-01 -1.57757902e-04 8.05604427e-01 -1.80113791e-04 -1.91450179e-01 1.75171046e-03 -1.42857143e-10
-8.53218413e-01 1.48997571e-04 -3.70575428e-01 2.19214189e-05 -5.53069162e-02 1.75171046e-03 -1.42857143e-10
8.47891035e-01 -4.82797033e-05 -2.20024265e-01 -1.22865890e-04 -8.16583628e-02 1.75171046e-03 -1.42857143e-10
-2.31676943e-01 -8.62223501e-05 -2.97220041e-01 8.07652796e-05 -1.19493315e-01 1.75171046e-03 -1.42857143e-10
7.28329922e-01 9.55815528e-05 4.96744257e-01 2.34191873e-05 -1.27498639e-01 1.75171046e-03 -1.42857143e-10
-8.00615057e-04 -1.22227218e-04 4.01231644e-01 2.13151802e-04 -3.84653077e-02 1.75171046e-03 -1.42857143e-10
-5.57730498e-01 2.03386622e-04 7.27105263e-01 5.96423386e-04 -5.10873278e-02 1.75171046e-03 -1.42857143e-10
5.30312797e-01 -1.31907897e-04 -7.40533654e-01 -8.89368715e-05 -7.12860042e-02 1.75171046e-03 -1.42857143e-10
-3.67512578e-01 -8.21969912e-05 -6.97951044e-02 3.79312078e-04 -3.45728658e-02 1.75171046e-03 -1.42857143e-10
-3.69286944e-01 3.88898007e-04 6.88548630e-01 3.23968447e-04 -1.29222090e-01 1.75171046e-03 -1.42857143e-10
-3.07576626e-01 -6.38649546e-04 -8.20554606e-01 5.61149684e-05 -6.66093214e-02 1.75171046e-03 -1.42857143e-10
1.55672135e-01 2.06286830e-04 8.35451493e-01 1.12393330e-04 -6.33660442e-02 1.75171046e-03 -1.42857143e-10
-3.92153347e-01 -4.20238151e-04 2.52354816e-01 -3.33749656e-04 -5.74047563e-03 1.75171046e-03 -1.42857143e-10
-6.58690039e-01 -7.71154822e-05 1.14516563e-01 -3.47595480e-04 -1.52513026e-01 1.75171046e-03 -1.42857143e-10
-7.74200342e-01 -5.89914314e-05 5.36436329e-02 2.81452639e-04 -1.44964951e-01 1.75171046e-03 -1.42857143e-10
8.06131971e-01 1.84695557e-04 1.00067758e-01 -2.72168188e-04 -3.54077266e-02 1.75171046e-03 -1.42857143e-10
-6.92646838e-01 1.26450412e-04 6.88968295e-01 -2.54567188e-04 -1.69787173e-01 1.75171046e-03 -1.42857143e-10
4.75704904e-01 1.03819959e-04 -3.53227125e-01 1.27985753e-04 -1.85282772e-01 1.75171046e-03 -1.42857143e-10
7.26458641e-01 -2.72346849e-04 -5.33465950e-02 -2.28051136e-04 -1.63805872e-01 1.75171046e-03 -1.42857143e-10
4.04992806e-01 -2.74042197e-04 8.00212363e-01 -8.93943991e-05 -5.98291223e-02 1.75171046e-03 -1.42857143e-10
-3.06919983e-01 1.79294846e-04 9.45366395e-01 2.23200549e-04 -6.36351030e-02 1.75171046e-03 -1.42857143e-10
-3.81932310e-01 -5.19609526e-04 -8.65934574e-01 4.78152283e-05 -2.81183254e-02 1.75171046e-03 -1.42857143e-10
-2.56338155e-02 3.44835237e-04 3.61699850e-02 -2.96570849e-04 -1.31666602e-01 1.75171046e-03 -1.42857143e-10
-1.00471701e-01 -6.30385162e-04 8.37569291e-01 9.97628743e-05 -5.73914776e-02 1.75171046e-03 -1.42857143e-10
5.16381344e-01 5.18510500e-05 3.71494490e-01 -4.82808797e-04 -1.00677360e-01 1.75171046e-03 -1.42857143e-10
-2.30264796e-01 4.07702444e-04 -2.72373017e-01 -3.79356545e-04 -9.43532600e-02 1.75171046e-03 -1.42857143e-10
4.11071286e-01 3.30888891e-04 -1.00699632e-01 -3.00017734e-05 -8.11983295e-02 1.75171046e-03 -1.42857143e-10
-3.28301506e-01 -3.97573132e-04 -6.83135858e-01 2.34932298e-04 -1.05305853e-01 1.75171046e-03 -1.42857143e-10
-8.36647126e-01 5.22854637e-04 -3.52207585e-01 -2.51927439e-04 -5.71549899e-02 1.75171046e-03 -1.42857143e-10
-4.19326917e-02 -8.02283106e-05 -9.35504572e-01 -6.33318455e-06 -7.66731222e-02 1.75171046e-03 -1.42857143e-10
6.51523668e-03 2.45688177e-05 -5.14219072e-01 1.14163976e-05 -2.67378041e-02 1.75171046e-03 -1.42857143e-10
-4.54040551e-01 -4.25605950e-05 3.85916664e-01 -3.17162679e-05 -1.60216421e-01 1.75171046e-03 -1.42857143e-10
-6.57815865e-01 -5.40971312e-04 -3.48945982e-01 -5.39569056e-05 -1.91681349e-01 1.75171046e-03 -1.42857143e-10
-3.74191314e-01 -6.38100024e-05 8.13156163e-01 -4.47725837e-06 -1.76480340e-02 1.75171046e-03 -1.42857143e-10
1.15212942e-01 1.18939979e-04 5.89150497e-01 5.95573502e-05 -1.44765257e-01 1.75171046e-03 -1.42857143e-10
6.91482391e-01 -2.02760863e-04 -2.04707254e-01 2.63481535e-04 -1.87736091e-01 1.75171046e-03 -1.42857143e-10
3.21876765e-01 3.04496816e-04 -1.36600104e-01 -3.42455758e-04 -7.27657647e-03 1.75171046e-03 -1.42857143e-10
3.96741132e-01 -3.20440668e-04 -2.01446193e-01 -5.91584547e-04 -1.65198413e-01 1.75171046e-03 -1.42857143e-10
5.39917851e-01 1.75499638e-04 -6.55307959e-01 1.54977449e-04 -9.49530759e-02 1.75171046e-03 -1.42857143e-10
1.58543067e-01 -4.51095150e-04 1.03843352e-01 -3.83770768e-04 -3.35105573e-02 1.75171046e-03 -1.42857143e-10
-6.08913536e-01 3.27677145e-04 -1.60713916e-01 -5.47087823e-04 -1.70230261e-02 1.75171046e-03 -1.42857143e-10
5.23623835e-02 -1.11269443e-04 -3.69574808e-01 5.08683197e-04 -1.48899711e-01 1.75171046e-03 -1.42857143e-10
-7.85314872e-01 -7.49674720e-05 9.55144919e-02 5.99321458e-04 -1.87213006e-01 1.75171046e-03 -1.42857143e-10
5.84143258e-01 -5.48951825e-07 -7.40687882e-01 1.23889267e-05 -1.30309562e-01 1.75171046e-03 -1.42857143e-10
9.90091565e-02 -3.27006109e-04 2.38949504e-01 -1.69160800e-04 -6.38636013e-02 1.75171046e-03 -1.42857143e-10
2.85292821e-01 -1.02829177e-04 4.87110418e-01 -2.47128551e-04 -1.97317945e-01 1.75171046e-03 -1.42857143e-10
-8.08264967e-01 -4.95846357e-07 4.62995367e-01 -1.83520862e-04 -2.37971513e-02 1.75171046e-03 -1.42857143e-10
6.84687070e-01 -1.37530349e-04 -1.26588696e-01 3.44811455e-05 -1.33531011e-01 1.75171046e-03 -1.42857143e-10
2.18315874e-01 -2.57409745e-04 -2.43674394e-01 6.25644801e-05 -1.81437258e-01 1.75171046e-03 -1.42857143e-10
-8.14439329e-01 -1.91792878e-04 2.96339101e-01 1.64328797e-04 -1.72245968e-02 1.75171046e-03 -1.42857143e-10
-3.97952842e-02 3.92875022e-04 -4.69715934e-01 -6.67151386e-05 -5.22748785e-02 1.75171046e-03 -1.42857143e-10
6.64512196e-02 1.71888780e-05 6.61450405e-01 -1.13745868e-05 -1.49105071e-02 1.75171046e-03 -1.42857143e-10
-4.14154622e-01 2.74137402e-05 1.32641117e-01 -1.07574039e-04 -1.03297560e-01 1.75171046e-03 -1.42857143e-10
-4.79059007e-02 8.94350472e-05 5.21562494e-01 -1.13541615e-04 -2.07211498e-01 1.75171046e-03 -1.42857143e-10
6.98187379e-01 -4.14774111e-04 -6.17684191e-01 4.76978533e-04 -3.79387532e-02 1.75171046e-03 -1.42857143e-10
6.19364183e-01 -6.52438488e-04 -2.06475359e-01 9.28638658e-05 -6.60708436e-03 1.75171046e-03 -1.42857143e-10
-4.05114891e-02 2.12653006e-04 -7.70517660e-01 1.12689856e-04 -1.50397927e-01 1.75171046e-03 -1.42857143e-10
1.01675669e-01 8.59966332e-05 1.05335624e-02 -3.11211912e-04 -1.06850111e-01 1.75171046e-03 -1.42857143e-10
-6.63818687e-01 3.33774315e-04 4.18001851e-01 2.60414192e-04 -2.09739310e-01 1.75171046e-03 -1.42857143e-10
-1.63995355e-01 -5.49892499e-04 -5.27502310e-01 -3.52091125e-04 -1.12885205e-01 1.75171046e-03 -1.42857143e-10
-4.14451273e-01 1.76840059e-04 -6.96410748e-01 4.36815019e-04 -2.01724851e-01 1.75171046e-03 -1.42857143e-10
-2.66996355e-01 3.60380284e-05 -3.50830457e-01 7.69356233e-05 -1.39982458e-01 1.75171046e-03 -1.42857143e-10
7.62477310e-01 2.34636301e-04 3.72068670e-01 -4.03909890e-04 -3.53751809e-02 1.75171046e-03 -1.42857143e-10
-2.57631950e-01 -3.74919025e-05 -2.55067125e-01 3.24691411e-05 -1.41383697e-01 1.75171046e-03 -1.42857143e-10
4.89562947e-03 -2.82494324e-04 -1.58185833e-01 5.83078041e-05 -2.08157905e-01 1.75171046e-03 -1.42857143e-10
-4.75173602e-01 5.08517679e-05 -6.62237454e-01 2.50541713e-04 -1.63914341e-01 1.75171046e-03 -1.42857143e-10
-2.58689598e-01 -4.16939510e-04 -5.47816998e-01 -1.70518211e-04 -7.34852729e-02 1.75171046e-03 -1.42857143e-10
4.90780890e-01 -1.42855178e-04 -6.24124398e-02 2.94240693e-04 -1.16963026e-01 1.75171046e-03 -1.42857143e-10
-3.01462957e-02 2.39509233e-04 3.14690566e-01 5.07553752e-05 -7.46419597e-03 1.75171046e-03 -1.42857143e-10
-5.17022553e-01 -5.24541241e-04 7.39946521e-01 -3.88845754e-04 -1.00257163e-01 1.75171046e-03 -1.42857143e-10
2.51962407e-01 2.40190731e-04 -6.79751482e-01 -3.57103275e-04 -1.55930530e-01 1.75171046e-03 -1.42857143e-10
2.85768989e-01 -8.01142228e-05 -5.11872941e-01 3.40022559e-04 -4.93727299e-02 1.75171046e-03 -1.42857143e-10
4.71643940e-01 -6.94987158e-06 9.47829375e-03 4.07591966e-05 -8.78698429e-02 1.75171046e-03 -1.42857143e-10
-4.75704564e-01 -1.35170335e-04 -5.48536587e-01 1.86043444e-04 -1.00205268e-02 1.75171046e-03 -1.42857143e-10
1.86508182e-01 5.81707711e-04 8.36248081e-01 2.14363433e-04 -3.99854389e-02 1.75171046e-03 -1.42857143e-10
6.19597778e-01 9.77529252e-05 -3.69695972e-01 2.24245505e-04 -1.79233451e-01 1.75171046e-03 -1.42857143e-10
5.63155835e-01 2.16498700e-05 6.51127393e-01 3.56834416e-04 -6.50792043e-02 1.75171046e-03 -1.42857143e-10
-8.18576013e-01 -6.84654372e-05 4.85402007e-01 3.79361202e-05 -9.97332213e-02 1.75171046e-03 -1.42857143e-10
9.11369348e-01 3.47706116e-04 3.52518189e-01 -2.00082000e-04 -1.42266074e-02 1.75171046e-03 -1.42857143e-10
-3.03582566e-01 -1.03066211e-04 8.43881186e-01 -3.21457613e-04 -4.46478342e-02 1.75171046e-03 -1.42857143e-10
4.86209429e-01 3.30853596e-04 -6.23539244e-01 -3.62325492e-04 -1.71929417e-01 1.75171046e-03 -1.42857143e-10
4.63662094e-01 2.62857046e-04 -8.05931174e-01 5.29687828e-06 -3.64404115e-02 1.75171046e-03 -1.42857143e-10
-3.99342266e-01 4.98461490e-05 1.69555395e-01 -1.00344950e-05 -1.23325903e-01 1.75171046e-03 -1.42857143e-10
-4.92182870e-01 1.46310025e-04 -1.51617115e-01 -5.19710405e-04 -5.85102600e-02 1.75171046e-03 -1.42857143e-10
6.46685114e-01 -2.21215734e-04 1.44078967e-01 -1.32858563e-04 -5.54305464e-02 1.75171046e-03 -1.42857143e-10
6.94881312e-01 1.20636765e-04 -4.39293254e-01 2.61613650e-04 -1.83075234e-01 1.75171046e-03 -1.42857143e-10
-7.91485932e-01 2.70982945e-04 -3.23384473e-01 3.60044276e-04 -1.07894458e-02 1.75171046e-03 -1.42857143e-10
4.85031273e-01 -1.27717934e-04 2.75442863e-01 -3.04348611e-04 -1.75608049e-01 1.75171046e-03 -1.42857143e-10
3.33270398e-01 -3.02749629e-04 -5.25020925e-01 -1.06112088e-04 -7.96297591e-02 1.75171046e-03 -1.42857143e-10
-2.61739521e-01 1.94245934e-05 9.27361517e-01 4.25317296e-05 -4.44971330e-02 1.75171046e-03 -1.42857143e-10
-3.56235142e-02 -3.12263037e-04 1.33418674e-01 9.53715776e-05 -1.10854579e-01 1.75171046e-03 -1.42857143e-10
2.16567555e-01 -3.77939678e-04 -3.38094704e-01 -2.30608912e-04 -8.17752968e-02 1.75171046e-03 -1.42857143e-10
1.44165703e-01 -1.25189265e-04 -1.02817349e-01 4.43643458e-05 -1.77967586e-01 1.75171046e-03 -1.42857143e-10
4.10098551e-01 7.15916557e-05 8.04912449e-01 1.15511030e-04 -8.36098452e-02 1.75171046e-03 -1.42857143e-10
-6.78494631e-01 2.79354606e-04 1.26637940e-01 -5.76329070e-04 -6.98202249e-02 1.75171046e-03 -1.42857143e-10
2.76096439e-01 3.90522432e-04 7.95594114e-01 3.25148610e-04 -2.03883969e-01 1.75171046e-03 -1.42857143e-10
-4.96642988e-02 2.62498560e-04 2.05200279e-01 -3.24767001e-04 -1.47969196e-01 1.75171046e-03 -1.42857143e-10
-4.81877081e-01 -1.06550351e-04 5.90454541e-02 -1.26207778e-04 -4.80268931e-02 1.75171046e-03 -1.42857143e-10
9.79369077e-01 -4.36709642e-05 -1.11375482e-01 -4.16114981e-05 -2.22290303e-02 1.75171046e-03 -1.42857143e-10
4.49792492e-01 2.77684258e-04 3.82444640e-02 3.75341481e-04 -1.09764683e-01 1.75171046e-03 -1.42857143e-10
2.35767204e-01 5.38440000e-04 8.56924607e-01 5.01775181e-05 -1.14220755e-01 1.75171046e-03 -1.42857143e-10
8.96314373e-01 6.45892738e-04 2.65091247e-01 -1.58081587e-04 -1.10442595e-01 1.75171046e-03 -1.42857143e-10
-6.41571539e-01 3.72522845e-04 4.32067248e-01 -2.03138220e-04 -1.90562622e-01 1.75171046e-03 -1.42857143e-10
1.59338244e-01 5.09233675e-04 9.85836450e-01 -3.18388923e-04 -1.94946428e-01 1.75171046e-03 -1.42857143e-10
-2.53764637e-01 -1.63911420e-04 -8.03710608e-01 2.74534573e-04 -7.83814216e-03 1.75171046e-03 -1.42857143e-10
-4.06217878e-02 1.69195559e-04 -4.67878585e-01 2.09001576e-04 -5.32268977e-03 1.75171046e-03 -1.42857143e-10
5.63696712e-01 -3.43063903e-04 1.58064361e-01 -1.82619674e-04 -5.82942884e-02 1.75171046e-03 -1.42857143e-10
6.18507594e-02 -4.10407517e-04 -3.05252536e-01 -9.19279247e-05 -4.52473029e-02 1.75171046e-03 -1.42857143e-10
-2.57415952e-01 -2.43559421e-04 -4.08118090e-01 1.48021853e-04 -1.86383456e-01 1.75171046e-03 -1.42857143e-10
-5.40145701e-01 7.96948105e-05 6.37458419e-02 1.31571089e-04 -8.10272671e-02 1.75171046e-03 -1.42857143e-10
-7.79745302e-02 6.37811269e-04 2.03711330e-01 -1.22835089e-04 -9.51841262e-02 1.75171046e-03 -1.42857143e-10
1.94549242e-01 -7.55953035e-05 -5.87351887e-01 6.53524283e-04 -1.50441891e-01 1.75171046e-03 -1.42857143e-10
1.16984655e-01 3.81264490e-04 8.28684039e-02 -7.34983746e-05 -2.75555405e-02 1.75171046e-03 -1.42857143e-10
-3.25862589e-02 1.54741469e-04 6.89393353e-02 5.49013810e-04 -8.06290775e-04 1.75171046e-03 -1.42857143e-10
-6.86018343e-01 1.98560083e-05 -4.48006874e-01 -4.79328563e-04 -1.40800865e-01 1.75171046e-03 -1.42857143e-10
8.24016602e-01 -1.70734687e-04 -2.08935412e-02 -6.46273340e-05 -9.23307120e-03 1.75171046e-03 -1.42857143e-10
5.63328675e-01 -1.62777803e-05 3.33404857e-01 -4.07125991e-04 -6.56976735e-02 1.75171046e-03 -1.42857143e-10
-1.17475622e-01 -6.68306269e-06 -5.23253253e-01 -6.66711870e-04 -1.10186120e-01 1.75171046e-03 -1.42857143e-10
2.46589790e-01 -4.73109947e-05 3.85617528e-01 1.56937354e-04 -1.82471383e-01 1.75171046e-03 -1.42857143e-10
8.43439269e-01 -1.28194609e-04 -3.26933315e-01 1.16494116e-04 -1.72160145e-01 1.75171046e-03 -1.42857143e-10
3.00957324e-01 -6.38010059e-04 -2.40101196e-01 -4.71934330e-05 -6.76860476e-02 1.75171046e-03 -1.42857143e-10
6.06436142e-01 -3.53339481e-05 4.35824277e-01 7.95920074e-05 -1.26068336e-01 1.75171046e-03 -1.42857143e-10
-7.22157168e-01 1.83600055e-04 7.28350308e-02 -3.48982503e-04 -2.75665794e-02 1.75171046e-03 -1.42857143e-10
-1.96241872e-01 -4.20146663e-04 1.98742047e-01 4.84057543e-04 -5.95813254e-03 1.75171046e-03 -1.42857143e-10
3.69104911e-01 3.45172097e-04 -1.77302364e-01 -3.64282225e-04 -1.10941136e-01 1.75171046e-03 -1.42857143e-10
-2.29595153e-01 -3.78047309e-04 4.91271568e-01 -2.25431055e-04 -9.77622076e-04 1.75171046e-03 -1.42857143e-10
-2.05993628e-01 -2.47901977e-04 2.54101205e-01 3.97327187e-04 -1.33399308e-01 1.75171046e-03 -1.42857143e-10
-6.59462501e-01 -2.40114026e-05 7.36719496e-01 4.39745775e-05 -5.62459357e-02 1.75171046e-03 -1.42857143e-10
7.22673938e-01 4.93481208e-06 4.42456411e-01 -7.05531374e-05 -4.12588770e-02 1.75171046e-03 -1.42857143e-10
-4.52359582e-01 4.88694836e-05 -3.16455358e-01 -5.21286129e-04 -1.59309972e-01 1.75171046e-03 -1.42857143e-10
-6.52353742e-01 5.77557314e-05 -6.49632064e-01 1.74217575e-04 -2.87341389e-02 1.75171046e-03 -1.42857143e-10
-4.66832629e-01 -4.54097236e-04 6.16323845e-01 -3.99207159e-04 -1.63425360e-01 1.75171046e-03 -1.42857143e-10
1.53284771e-01 -7.10353713e-06 -4.63598208e-01 -8.92769581e-05 -7.55063034e-02 1.75171046e-03 -1.42857143e-10
8.01849071e-01 -2.33067414e-04 -5.21812123e-01 -1.05568254e-04 -3.08389485e-02 1.75171046e-03 -1.42857143e-10
-4.89981131e-01 -5.00669192e-05 6.70874978e-01 -1.33038462e-04 -5.14108811e-02 1.75171046e-03 -1.42857143e-10
-1.10477553e-02 -2.01975407e-04 8.39211026e-01 3.84454687e-04 -1.35747931e-01 1.75171046e-03 -1.42857143e-10
-2.20676186e-01 2.70175933e-06 -1.95711202e-01 1.71598901e-05 -1.09812746e-01 1.75171046e-03 -1.42857143e-10
7.93588645e-01 6.36044254e-04 8.73040037e-02 1.75418319e-04 -1.68433076e-01 1.75171046e-03 -1.42857143e-10
2.45105219e-01 2.76366345e-05 6.37001388e-01 3.44503691e-05 -5.47948216e-02 1.75171046e-03 -1.42857143e-10
5.58563781e-01 -1.19383814e-05 -3.06823505e-01 -1.33744703e-04 -1.17576150e-01 1.75171046e-03 -1.42857143e-10
-5.89545483e-01 -1.92357961e-04 -4.73418586e-01 5.81041057e-05 -1.83468529e-01 1.75171046e-03 -1.42857143e-10
-7.85623515e-01 -6.01305860e-04 1.05269028e-01 -1.74667968e-04 -2.05451414e-01 1.75171046e-03 -1.42857143e-10
-3.87817151e-01 2.49640427e-04 -1.71068787e-02 4.38239269e-04 -1.60246207e-01 1.75171046e-03 -1.42857143e-10
2.26822946e-01 2.32914896e-04 8.55019822e-01 -1.12633036e-04 -7.46232150e-02 1.75171046e-03 -1.42857143e-10
-1.13730059e-02 -1.33619077e-05 -6.12752395e-02 4.82486851e-04 -3.25589414e-02 1.75171046e-03 -1.42857143e-10
-4.52540193e-01 2.78751233e-04 7.23806338e-01 -2.75048919e-04 -2.04975005e-01 1.75171046e-03 -1.42857143e-10
4.45681178e-02 -3.00512512e-04 -1.31950532e-01 4.56066323e-04 -2.82905543e-02 1.75171046e-03 -1.42857143e-10
8.37578271e-01 3.77394025e-04 -1.04534704e-01 2.91231798e-04 -4.28863742e-02 1.75171046e-03 -1.42857143e-10
7.69834081e-01 4.75915160e-04 -1.71032135e-01 -1.35992249e-04 -1.60659369e-01 1.75171046e-03 -1.42857143e-10
8.02386997e-01 -1.66227512e-04 -3.03036853e-01 -2.10261165e-04 -8.92157113e-02 1.75171046e-03 -1.42857143e-10
-3.82929794e-01 -2.79270107e-04 1.98178493e-01 2.27623408e-04 -3.66926784e-02 1.75171046e-03 -1.42857143e-10
-3.14826111e-01 3.05202195e-04 -5.81077990e-01 -3.49024636e-04 -8.91635885e-03 1.75171046e-03 -1.42857143e-10
-7.67030741e-01 -1.02475304e-04 2.36005106e-01 3.69580217e-04 -1.29056795e-01 1.75171046e-03 -1.42857143e-10
-4.19254640e-01 -2.83911847e-04 7.31461873e-02 2.71347770e-05 -6.69024743e-02 1.75171046e-03 -1.42857143e-10
-4.23120056e-01 -1.31929296e-04 3.71866275e-01 -2.61846383e-04 -1.91213773e-01 1.75171046e-03 -1.42857143e-10
6.49942155e-01 -1.62454615e-05 -6.85045131e-02 -3.28110000e-05 -1.86334195e-01 1.75171046e-03 -1.42857143e-10
4.58239231e-01 -4.00353111e-04 -3.20656723e-01 2.81343225e-05 -1.72733693e-01 1.75171046e-03 -1.42857143e-10
-5.08215469e-01 -3.74061026e-06 9.71393409e-02 -1.00162619e-04 -6.34070409e-02 1.75171046e-03 -1.42857143e-10
-2.66963529e-01 1.98747497e-04 2.83234271e-01 -4.36667043e-04 -3.12362873e-02 1.75171046e-03 -1.42857143e-10
2.99413931e-01 6.59285438e-05 -1.51428342e-01 6.61734847e-05 -1.05362044e-01 1.75171046e-03 -1.42857143e-10
-7.17816648e-03 4.52916789e-06 3.28692338e-01 -2.00626232e-05 -6.91887131e-02 1.75171046e-03 -1.42857143e-10
-9.83241757e-02 -3.12051791e-04 4.49549185e-01 1.11520470e-05 -1.50814427e-01 1.75171046e-03 -1.42857143e-10
-4.58729546e-01 -5.93302024e-04 -5.64244876e-01 -1.64481282e-05 -1.75535100e-02 1.75171046e-03 -1.42857143e-10
-1.86156026e-01 -9.97407044e-05 5.28447409e-01 1.27670177e-04 -1.36736035e-01 1.75171046e-03 -1.42857143e-10
4.94020752e-01 -3.05439219e-05 5.49483303e-01 -4.13040468e-04 -1.00874591e-01 1.75171046e-03 -1.42857143e-10
-7.88332737e-01 1.04058162e-04 -1.90608737e-01 -3.20675084e-05 -4.87496224e-02 1.75171046e-03 -1.42857143e-10
-6.95803901e-01 4.62797296e-04 -9.60786648e-02 -1.15856644e-04 -6.19047845e-02 1.75171046e-03 -1.42857143e-10
-8.76990716e-01 2.12789415e-05 4.44257761e-01 1.30086834e-05 -8.87697757e-03 1.75171046e-03 -1.42857143e-10
-7.50135721e-01 1.82978072e-04 -4.78929569e-02 4.31328776e-04 -4.00857387e-02 1.75171046e-03 -1.42857143e-10
-7.36082071e-01 4.88961135e-04 -5.00314915e-01 -4.11704371e-04 -1.65362545e-01 1.75171046e-03 -1.42857143e-10
-9.31733282e-03 4.12670314e-04 -4.56722771e-01 2.51777512e-04 -9.10676666e-02 1.75171046e-03 -1.42857143e-10
-4.63443418e-01 1.21482879e-05 7.51955974e-01 -1.88201020e-04 -1.13454530e-01 1.75171046e-03 -1.42857143e-10
3.47393623e-01 -1.84742986e-04 7.85368375e-01 -3.30354132e-04 -2.38059996e-02 1.75171046e-03 -1.42857143e-10
1.76180618e-01 4.10743461e-06 2.02914645e-01 -5.97070644e-06 -1.89609167e-01 1.75171046e-03 -1.42857143e-10
-5.51311297e-01 6.40243836e-05 -2.58737024e-02 -1.20881589e-04 -2.14115979e-02 1.75171046e-03 -1.42857143e-10
7.64171299e-01 -4.51157510e-04 -4.71432457e-01 4.61989942e-04 -1.79503555e-01 1.75171046e-03 -1.42857143e-10
1.26744593e-01 1.80883621e-04 -8.61622798e-01 -1.72689805e-04 -1.70214189e-01 1.75171046e-03 -1.42857143e-10
-5.99271453e-01 -1.33569487e-04 5.31128819e-01 -3.97623176e-04 -1.11515369e-01 1.75171046e-03 -1.42857143e-10
-8.02271015e-01 6.72308809e-06 -4.07001796e-01 -3.82650209e-06 -2.51768261e-02 1.75171046e-03 -1.42857143e-10
-3.11732755e-01 -4.69754199e-04 6.54006673e-01 -2.87633821e-04 -1.20895250e-01 1.75171046e-03 -1.42857143e-10
3.08854513e-01 2.56101070e-04 2.62895109e-01 3.57195304e-05 -1.89657081e-01 1.75171046e-03 -1.42857143e-10
-8.51157392e-01 -5.99817513e-05 2.70302698e-01 -3.25842732e-05 -1.11171289e-01 1.75171046e-03 -1.42857143e-10
-6.28262654e-01 1.30151539e-04 2.26817301e-01 5.87222818e-05 -1.35568896e-01 1.75171046e-03 -1.42857143e-10
8.04313957e-01 6.43826428e-05 4.86962195e-01 -2.46504834e-04 -1.37973576e-01 1.75171046e-03 -1.42857143e-10
4.15799800e-01 3.89638285e-05 -5.10846850e-01 -1.37761564e-04 -1.15281185e-01 1.75171046e-03 -1.42857143e-10
6.57888388e-01 -1.86825427e-04 1.16220812e-01 4.47016586e-04 -3.10159465e-02 1.75171046e-03 -1.42857143e-10
-1.80552302e-01 7.89305017e-06 -5.93578229e-02 5.59444232e-04 -4.77858628e-02 1.75171046e-03 -1.42857143e-10
1.28298576e-01 -4.57609404e-04 3.69229718e-02 4.65407672e-04 -1.84766061e-01 1.75171046e-03 -1.42857143e-10
7.16741517e-01 -3.50877837e-05 -3.77198288e-01 5.67342198e-04 -1.40981108e-01 1.75171046e-03 -1.42857143e-10
-7.23835664e-01 4.26198827e-04 4.54477662e-01 -3.49372090e-04 -1.03912961e-02 1.75171046e-03 -1.42857143e-10
-8.52286813e-01 -4.66865197e-05 3.16395577e-01 1.31026721e-04 -3.61413179e-03 1.75171046e-03 -1.42857143e-10
6.23767218e-01 3.54772581e-04 -1.02272655e-01 1.72582703e-04 -1.09850049e-01 1.75171046e-03 -1.42857143e-10
5.39063438e-01 -2.46177240e-04 -5.57456257e-01 -3.52072277e-04 -1.61869378e-01 1.75171046e-03 -1.42857143e-10
-1.87816999e-01 -3.85508556e-05 -7.00022916e-01 3.72085943e-05 -1.05519784e-01 1.75171046e-03 -1.42857143e-10
5.00475464e-02 -3.00344677e-05 5.43484179e-01 -4.40051056e-05 -1.23577061e-02 1.75171046e-03 -1.42857143e-10
6.07238842e-01 -1.10119776e-04 7.47328647e-01 -1.64007204e-04 -5.87473722e-02 1.75171046e-03 -1.42857143e-10
-6.83157894e-01 -2.12381048e-04 -3.25613043e-03 3.86192155e-04 -7.77636926e-02 1.75171046e-03 -1.42857143e-10
-9.94680339e-01 -2.50596244e-04 4.21280759e-02 1.13919898e-04 -1.52879275e-01 1.75171046e-03 -1.42857143e-10
-9.22321672e-01 1.64619821e-04 3.60396115e-01 3.08834711e-04 -1.30548363e-02 1.75171046e-03 -1.42857143e-10
6.16360159e-02 1.03558648e-04 -7.03599057e-01 3.06474270e-04 -1.85886662e-01 1.75171046e-03 -1.42857143e-10
2.59407591e-01 4.60496240e-04 -3.75800513e-01 -3.05948182e-04 -5.71933873e-02 1.75171046e-03 -1.42857143e-10
5.80612740e-01 2.04583142e-04 6.84039157e-01 7.90404990e-05 -1.17629920e-01 1.75171046e-03 -1.42857143e-10
-5.13895388e-01 -2.61423721e-05 -3.60047596e-01 -1.13601972e-04 -1.31271492e-02 1.75171046e-03 -1.42857143e-10
4.83622530e-01 9.37158725e-05 4.83589610e-01 4.89774922e-05 -1.97287038e-01 1.75171046e-03 -1.42857143e-10
-8.25630595e-01 4.74304543e-04 -3.49253609e-01 4.31761257e-04 -9.97681696e-02 1.75171046e-03 -1.42857143e-10
-5.15095088e-02 4.28267938e-04 -4.99489309e-01 4.83770320e-04 -1.69791161e-01 1.75171046e-03 -1.42857143e-10
4.90436874e-01 -2.73492886e-04 -7.65297741e-01 2.13923884e-04 -7.02893023e-02 1.75171046e-03 -1.42857143e-10
9.02460249e-01 2.38363788e-05 1.85456827e-01 -1.01116953e-05 -1.64633823e-01 1.75171046e-03 -1.42857143e-10
